"date","day","is_closed","food_loss_kg","food_waste_kg","solid_waste_kg","liquid_waste_kg","customers","fulls","halfs","takeouts","liquors","sales","container","temp_c","humi_p","prcp_mm","TS_noodle_kg","TS_water_kg","TS_bones_kg","TS_veg_kg","TS_meat_kg","TS_condi_kg","TS_Broth_kg","TS_Stock_kg","TS_FL_kg","TS_FL_bone_kg","TS_FL_veg_kg","TS_FL_meat_kg","TS_FP_kg","FL_noodle_kg","FL_water_kg","FL_bones_kg","FL_veg_kg","FL_meat_kg","FL_condi_kg","FL_Broth_kg","FL_Stock_kg","FL_FL_kg","FL_FL_bone_kg","FL_FL_veg_kg","FL_FL_meat_kg","FL_FP_kg","Broth_diff","Final_Prod_diff","daily_total_served","tueD","wedD","thuD","friD","satD","tueE","wedE","thuE","friE","satE","month","month_name","jd","day_name","week_name"
2022-09-16,"16",FALSE,9.5,6.55,2.5,4.05,42,36,4,15,2,1080.48,0,9.04,89.5,4.1,-7.95,-34.45,-8.745,-4.982,-2.12,-0.795,1.02930010194137e-15,29.68,11.342,-8.745,-2.332,-0.265,47.7,-6.6588785046729,-28.8551401869159,-7.32476635514019,-4.17289719626168,-1.77570093457944,-0.66588785046729,-1.33226762955019e-15,24.8598130841122,9.5,-7.32476635514019,-1.95327102803738,-0.22196261682243,39.9532710280374,-4.82018691588785,-7.74672897196262,47.7,0,0,0,1,0,0,0,0,1,0,"September","Sep","16","16","Fri"
2022-09-17,"17",FALSE,12.25,2.8,0.6,2.2,42,30,6,12,2,861.76,0,7,92.5,1,-6.75,-29.25,-7.425,-4.23,-1.8,-0.675,-1.11022302462516e-15,25.2,9.63,-7.425,-1.98,-0.225,40.5,-8.58644859813084,-37.2079439252336,-9.44509345794393,-5.38084112149533,-2.28971962616822,-0.858644859813084,1.55431223447522e-15,32.0560747663551,12.25,-9.44509345794393,-2.51869158878505,-0.286214953271028,51.518691588785,6.85607476635515,11.0186915887851,40.5,0,0,0,0,1,0,0,0,0,1,"September","Sep","17","17","Sat"
2022-09-18,"18",FALSE,6.5,3.25,0.85,2.4,27,24,2,10,1,629.49,0,9.61,81.1,0,-5.25,-22.75,-5.775,-3.29,-1.4,-0.525,1.11022302462516e-15,19.6,7.49,-5.775,-1.54,-0.175,31.5,-4.55607476635514,-19.7429906542056,-5.01168224299065,-2.85514018691589,-1.21495327102804,-0.455607476635514,1.33226762955019e-15,17.0093457943925,6.5,-5.01168224299065,-1.33644859813084,-0.151869158878505,27.3364485981308,-2.59065420560747,-4.16355140186916,31.5,0,0,0,0,0,-1,-1,-1,-1,-1,"September","Sep","18","18","Sun"
2022-09-20,"20",FALSE,13.1,0.7,0.3,0.4,13,10,2,12,4,635.33,0,5.66,74.1,0,-3.45,-14.95,-3.795,-2.162,-0.92,-0.345,-7.56925386566662e-16,12.88,4.922,-3.795,-1.012,-0.115,20.7,-9.1822429906542,-39.7897196261682,-10.1004672897196,-5.75420560747664,-2.44859813084112,-0.91822429906542,1.37377129402216e-15,34.2803738317757,13.1,-10.1004672897196,-2.69345794392523,-0.30607476635514,55.0934579439252,21.4003738317757,34.3934579439252,20.7,1,0,0,0,0,1,0,0,0,0,"September","Sep","20","20","Tue"
2022-09-21,"21",FALSE,5.7,1.1,0.45,0.65,15,10,3,10,1,533.32,0,7.35,76.7,0,-3.225,-13.975,-3.5475,-2.021,-0.86,-0.3225,-1.5148376380441e-16,12.04,4.601,-3.5475,-0.946,-0.1075,19.35,-3.99532710280374,-17.3130841121495,-4.39485981308411,-2.50373831775701,-1.06542056074766,-0.399532710280374,8.67426587464141e-16,14.9158878504673,5.7,-4.39485981308411,-1.17196261682243,-0.133177570093458,23.9719626168224,2.87588785046729,4.62196261682243,19.35,0,1,0,0,0,0,1,0,0,0,"September","Sep","21","21","Wed"
2022-09-22,"22",FALSE,7.25,0.8,0.35,0.45,14,10,2,16,1,680.46,0,10.78,66.7,0,-4.05,-17.55,-4.455,-2.538,-1.08,-0.405,3.128361767166e-16,15.12,5.778,-4.455,-1.188,-0.135,24.3,-5.08177570093458,-22.0210280373832,-5.58995327102804,-3.18457943925234,-1.35514018691589,-0.508177570093458,-1.11022302462516e-15,18.9719626168224,7.25,-5.58995327102804,-1.49065420560748,-0.169392523364486,30.4906542056075,3.85196261682243,6.19065420560748,24.3,0,0,1,0,0,0,0,1,0,0,"September","Sep","22","22","Thu"
2022-09-23,"23",FALSE,6.65,1.5,0.65,0.85,12,11,2,28,2,776.72,0,9.74,75.6,0,-6,-26,-6.6,-3.76,-1.6,-0.6,-1.77635683940025e-15,22.4,8.56,-6.6,-1.76,-0.2,36,-4.66121495327103,-20.1985981308411,-5.12733644859813,-2.92102803738318,-1.24299065420561,-0.466121495327103,6.24630150303125e-16,17.4018691588785,6.65,-5.12733644859813,-1.36728971962617,-0.155373831775701,27.9672897196262,-4.99813084112149,-8.03271028037382,36,0,0,0,1,0,0,0,0,1,0,"September","Sep","23","23","Fri"
2022-09-24,"24",FALSE,3.6,2.65,0.7,1.95,35,35,2,23,3,1221.42,0,11.38,71.3,0,-8.85,-38.35,-9.735,-5.546,-2.36,-0.885,-2.26090751059221e-15,33.04,12.626,-9.735,-2.596,-0.295,53.1,-2.52336448598131,-10.9345794392523,-2.77570093457944,-1.58130841121495,-0.672897196261682,-0.252336448598131,-8.46674755228157e-16,9.42056074766355,3.6,-2.77570093457944,-0.74018691588785,-0.0841121495327103,15.1401869158878,-23.6194392523364,-37.9598130841121,53.1,0,0,0,0,1,0,0,0,0,1,"September","Sep","24","24","Sat"
2022-09-25,"25",FALSE,12.05,2.55,0.8,1.75,24,18,3,25,6,1009.17,0,14.91,70.1,0,-6.675,-28.925,-7.3425,-4.183,-1.78,-0.6675,-1.34262971111336e-15,24.92,9.523,-7.3425,-1.958,-0.2225,40.05,-8.44626168224299,-36.6004672897196,-9.29088785046729,-5.29299065420561,-2.25233644859813,-0.844626168224299,5.83126485831157e-16,31.5327102803738,12.05,-9.29088785046729,-2.47757009345794,-0.281542056074766,50.6775700934579,6.61271028037384,10.627570093458,40.05,0,0,0,0,0,-1,-1,-1,-1,-1,"September","Sep","25","25","Sun"
2022-09-27,"27",FALSE,11.4,2.2,0.8,1.4,26,25,3,13,3,816.25,0,12.08,74.7,0,-5.925,-25.675,-6.5175,-3.713,-1.58,-0.5925,1.54395015291205e-15,22.12,8.453,-6.5175,-1.738,-0.1975,35.55,-7.99065420560748,-34.6261682242991,-8.78971962616822,-5.00747663551402,-2.13084112149533,-0.799065420560748,1.73485317492828e-15,29.8317757009346,11.4,-8.78971962616822,-2.34392523364486,-0.266355140186916,47.9439252336449,7.71177570093458,12.3939252336449,35.55,1,0,0,0,0,1,0,0,0,0,"September","Sep","27","27","Tue"
2022-09-28,"28",FALSE,10.95,1,0.45,0.55,23,21,2,16,6,864.39,0,10.81,80.6,0,-5.7,-24.7,-6.27,-3.572,-1.52,-0.57,-9.69101342383914e-16,21.28,8.132,-6.27,-1.672,-0.19,34.2,-7.67523364485981,-33.2593457943925,-8.44275700934579,-4.80981308411215,-2.04672897196262,-0.767523364485981,3.05051933868968e-16,28.6542056074766,10.95,-8.44275700934579,-2.25140186915888,-0.255841121495327,46.0514018691589,7.37420560747664,11.8514018691589,34.2,0,1,0,0,0,0,1,0,0,0,"September","Sep","28","28","Wed"
2022-09-29,"29",FALSE,10.3,0.25,0.1,0.15,19,18,0,15,0,646.25,0,12.07,79.8,0,-4.95,-21.45,-5.445,-3.102,-1.32,-0.495,5.75342242983526e-16,18.48,7.062,-5.445,-1.452,-0.165,29.7,-7.2196261682243,-31.285046728972,-7.94158878504673,-4.52429906542056,-1.92523364485981,-0.72196261682243,3.61081880906125e-16,26.9532710280374,10.3,-7.94158878504673,-2.11775700934579,-0.240654205607477,43.3177570093458,8.47327102803739,13.6177570093458,29.7,0,0,1,0,0,0,0,1,0,0,"September","Sep","29","29","Thu"
2022-09-30,"30",FALSE,8,6.3,1.8,4.5,43,32,9,21,4,1060.23,0,10.67,77.2,0,-8.625,-37.375,-9.4875,-5.405,-2.3,-0.8625,2.33146835171283e-15,32.2,12.305,-9.4875,-2.53,-0.2875,51.75,-5.60747663551402,-24.2990654205607,-6.16822429906542,-3.51401869158878,-1.49532710280374,-0.560747663551402,0,20.9345794392523,8,-6.16822429906542,-1.64485981308411,-0.186915887850467,33.6448598130841,-11.2654205607477,-18.1051401869159,51.75,0,0,0,1,0,0,0,0,1,0,"September","Sep","30","30","Fri"
2022-10-01,"01",FALSE,13.3,2.8,0.65,2.15,37,30,3,15,2,851.12,0,12.15,70,0,-6.975,-30.225,-7.6725,-4.371,-1.86,-0.6975,1.40282847067081e-15,26.04,9.951,-7.6725,-2.046,-0.2325,41.85,-9.32242990654206,-40.3971962616822,-10.2546728971963,-5.84205607476636,-2.48598130841122,-0.932242990654206,1.24926030060625e-15,34.803738317757,13.3,-10.2546728971963,-2.73457943925234,-0.310747663551402,55.9345794392523,8.76373831775701,14.0845794392523,41.85,0,0,0,0,1,0,0,0,0,1,"October","Oct","01","01","Sat"
2022-10-02,"02",FALSE,7.6,5.1,1.35,3.75,38,31,7,20,4,1192.19,0,14.23,71,0,-8.175,-35.425,-8.9925,-5.123,-2.18,-0.8175,-1.03620815631682e-17,30.52,11.663,-8.9925,-2.398,-0.2725,49.05,-5.32710280373832,-23.0841121495327,-5.85981308411215,-3.33831775700935,-1.42056074766355,-0.532710280373832,-8.46674755228157e-16,19.8878504672897,7.6,-5.85981308411215,-1.56261682242991,-0.177570093457944,31.9626168224299,-10.6321495327103,-17.0873831775701,49.05,0,0,0,0,0,-1,-1,-1,-1,-1,"October","Oct","02","02","Sun"
2022-10-04,"04",FALSE,13.1,2.6,0.9,1.7,43,25,13,43,0,939.56,0,10.21,84.3,0,-11.175,-48.425,-12.2925,-7.003,-2.98,-1.1175,-3.00993797787264e-17,41.72,15.943,-12.2925,-3.278,-0.3725,67.05,-9.1822429906542,-39.7897196261682,-10.1004672897196,-5.75420560747664,-2.44859813084112,-0.91822429906542,1.37377129402216e-15,34.2803738317757,13.1,-10.1004672897196,-2.69345794392523,-0.30607476635514,55.0934579439252,-7.43962616822429,-11.9565420560748,67.05,1,0,0,0,0,1,0,0,0,0,"October","Oct","04","04","Tue"
2022-10-05,"05",FALSE,11.3,0.6,0.0999999999999999,0.5,31,26,2,7,0,650.94,0,10.26,76,0,-5.1,-22.1,-5.61,-3.196,-1.36,-0.51,1.51385077313332e-15,19.04,7.276,-5.61,-1.496,-0.17,30.6,-7.92056074766355,-34.3224299065421,-8.71261682242991,-4.96355140186916,-2.11214953271028,-0.792056074766355,-5.27096538794e-16,29.5700934579439,11.3,-8.71261682242991,-2.32336448598131,-0.264018691588785,47.5233644859813,10.5300934579439,16.9233644859813,30.6,0,1,0,0,0,0,1,0,0,0,"October","Oct","05","05","Wed"
2022-10-06,"06",FALSE,6.75,3.1,1.3,1.8,43,27,14,11,0,853.76,0,7.89,82.8,0,-6.75,-29.25,-7.425,-4.23,-1.8,-0.675,-1.11022302462516e-15,25.2,9.63,-7.425,-1.98,-0.225,40.5,-4.73130841121495,-20.5023364485981,-5.20443925233645,-2.96495327102804,-1.26168224299065,-0.473130841121495,-6.66133814775094e-16,17.6635514018692,6.75,-5.20443925233645,-1.38785046728972,-0.157710280373832,28.3878504672897,-7.53644859813084,-12.1121495327103,40.5,0,0,1,0,0,0,0,1,0,0,"October","Oct","06","06","Thu"
2022-10-07,"07",FALSE,10.55,4.1,0.75,3.35,40,28,6,13,0,1020.18,0,6.95,87.9,0,-6.6,-28.6,-7.26,-4.136,-1.76,-0.66,-7.06595276116989e-16,24.64,9.416,-7.26,-1.936,-0.22,39.6,-7.39485981308411,-32.0443925233645,-8.13434579439252,-4.63411214953271,-1.97196261682243,-0.739485981308411,-1.63731956341916e-15,27.607476635514,10.55,-8.13434579439252,-2.16915887850467,-0.246495327102804,44.3691588785047,2.96747663551402,4.76915887850468,39.6,0,0,0,1,0,0,0,0,1,0,"October","Oct","07","07","Fri"
2022-10-08,"08",FALSE,8.1,2.85,0.350000000000001,2.5,47,29,10,9,2,877.87,0,7.04,83.7,0,-6.45,-27.95,-7.095,-4.042,-1.72,-0.645,-3.0296752760882e-16,24.08,9.202,-7.095,-1.892,-0.215,38.7,-5.67757009345794,-24.6028037383178,-6.24532710280374,-3.55794392523364,-1.51401869158879,-0.567757009345794,-1.29076396507822e-15,21.196261682243,8.1,-6.24532710280374,-1.66542056074766,-0.189252336448598,34.0654205607477,-2.88373831775701,-4.63457943925234,38.7,0,0,0,0,1,0,0,0,0,1,"October","Oct","08","08","Sat"
2022-10-09,"09",TRUE,0,0,0,0,0,0,0,0,0,0,0,8.64,75.1,0,0,0,0,0,0,0,0,0,0,0,0,0,0,0,0,0,0,0,0,0,0,0,0,0,0,0,0,0,0,0,0,0,0,0,-1,-1,-1,-1,-1,"October","Oct","09","09","Sun"
2022-10-11,"11",FALSE,11.7,1.35,0.65,0.7,16,16,0,10,3,558.57,0,8.64,56.4,0,-3.9,-16.9,-4.29,-2.444,-1.04,-0.39,7.16463925224768e-16,14.56,5.564,-4.29,-1.144,-0.13,23.4,-8.20093457943925,-35.5373831775701,-9.02102803738318,-5.1392523364486,-2.18691588785047,-0.820093457943925,1.41527495849412e-15,30.6168224299065,11.7,-9.02102803738318,-2.40560747663551,-0.273364485981308,49.2056074766355,16.0568224299065,25.8056074766355,23.4,1,0,0,0,0,1,0,0,0,0,"October","Oct","11","11","Tue"
2022-10-12,"12",FALSE,6.5,3.9,1.6,2.3,37,25,10,10,6,783.48,0,7.35,71.2,0,-6,-26,-6.6,-3.76,-1.6,-0.6,-1.77635683940025e-15,22.4,8.56,-6.6,-1.76,-0.2,36,-4.55607476635514,-19.7429906542056,-5.01168224299065,-2.85514018691589,-1.21495327102804,-0.455607476635514,1.33226762955019e-15,17.0093457943925,6.5,-5.01168224299065,-1.33644859813084,-0.151869158878505,27.3364485981308,-5.39065420560747,-8.66355140186915,36,0,1,0,0,0,0,1,0,0,0,"October","Oct","12","12","Wed"
2022-10-13,"13",FALSE,6.8,0.75,0.2,0.55,18,16,6,8,0,498.16,0,10.09,64.9,0,-4.05,-17.55,-4.455,-2.538,-1.08,-0.405,3.128361767166e-16,15.12,5.778,-4.455,-1.188,-0.135,24.3,-4.76635514018692,-20.6542056074766,-5.24299065420561,-2.98691588785047,-1.27102803738318,-0.476635514018692,-1.3115157973142e-15,17.7943925233645,6.8,-5.24299065420561,-1.3981308411215,-0.158878504672897,28.5981308411215,2.67439252336449,4.29813084112149,24.3,0,0,1,0,0,0,0,1,0,0,"October","Oct","13","13","Thu"
2022-10-14,"14",FALSE,6.2,0.8,0.35,0.45,28,27,2,10,0,653.81,0,11.11,67.3,0,-5.7,-24.7,-6.27,-3.572,-1.52,-0.57,-9.69101342383914e-16,21.28,8.132,-6.27,-1.672,-0.19,34.2,-4.34579439252336,-18.8317757009346,-4.7803738317757,-2.72336448598131,-1.1588785046729,-0.434579439252336,4.23337377614078e-16,16.2242990654206,6.2,-4.7803738317757,-1.27476635514019,-0.144859813084112,26.0747663551402,-5.05570093457944,-8.12523364485981,34.2,0,0,0,1,0,0,0,0,1,0,"October","Oct","14","14","Fri"
2022-10-15,"15",FALSE,8.3,4.55,1.8,2.75,40,29,8,23,4,1087.92,0,6.8,78.1,0,-8.4,-36.4,-9.24,-5.264,-2.24,-0.84,-1.81583143583137e-16,31.36,11.984,-9.24,-2.464,-0.28,50.4,-5.8177570093458,-25.2102803738318,-6.39953271028037,-3.64579439252336,-1.55140186915888,-0.581775700934579,-1.41527495849412e-15,21.7196261682243,8.3,-6.39953271028037,-1.70654205607477,-0.19392523364486,34.9065420560748,-9.6403738317757,-15.4934579439252,50.4,0,0,0,0,1,0,0,0,0,1,"October","Oct","15","15","Sat"
2022-10-16,"16",FALSE,11.8,6.1,2.2,3.9,43,38,5,12,2,991.86,0,5.91,77.2,0,-7.875,-34.125,-8.6625,-4.935,-2.1,-0.7875,1.66533453693773e-15,29.4,11.235,-8.6625,-2.31,-0.2625,47.25,-8.27102803738318,-35.8411214953271,-9.0981308411215,-5.18317757009346,-2.20560747663551,-0.827102803738318,-9.71185748644062e-16,30.8785046728972,11.8,-9.0981308411215,-2.42616822429907,-0.275700934579439,49.6261682242991,1.4785046728972,2.37616822429907,47.25,0,0,0,0,0,-1,-1,-1,-1,-1,"October","Oct","16","16","Sun"
2022-10-18,"18",FALSE,10.4,2.35,0.7,1.65,34,31,1,4,3,688.17,0,7.12,70.8,0,-5.325,-23.075,-5.8575,-3.337,-1.42,-0.5325,-8.67947689029178e-16,19.88,7.597,-5.8575,-1.562,-0.1775,31.95,-7.28971962616822,-31.588785046729,-8.01869158878505,-4.56822429906542,-1.94392523364486,-0.728971962616822,-9.29682084172094e-16,27.214953271028,10.4,-8.01869158878505,-2.13831775700935,-0.242990654205608,43.7383177570093,7.33495327102804,11.7883177570094,31.95,1,0,0,0,0,1,0,0,0,0,"October","Oct","18","18","Tue"
2022-10-19,"19",FALSE,8.65,1,0.4,0.6,41,34,6,13,0,794.75,0,9.74,67.5,0,-7.5,-32.5,-8.25,-4.7,-2,-0.75,-4.44089209850063e-16,28,10.7,-8.25,-2.2,-0.25,45,-6.06308411214953,-26.2733644859813,-6.66939252336449,-3.79953271028037,-1.61682242990654,-0.606308411214953,-1.15172668909713e-15,22.6355140186916,8.65,-6.66939252336449,-1.7785046728972,-0.202102803738318,36.3785046728972,-5.36448598130841,-8.6214953271028,45,0,1,0,0,0,0,1,0,0,0,"October","Oct","19","19","Wed"
2022-10-20,"20",FALSE,7.5,2.1,0.45,1.65,28,24,3,23,5,942.19,0,6.58,64,0,-7.275,-31.525,-8.0025,-4.559,-1.94,-0.7275,5.95572973654473e-16,27.16,10.379,-8.0025,-2.134,-0.2425,43.65,-5.25700934579439,-22.7803738317757,-5.78271028037383,-3.29439252336449,-1.4018691588785,-0.525700934579439,4.44089209850063e-16,19.6261682242991,7.5,-5.78271028037383,-1.54205607476636,-0.175233644859813,31.5420560747664,-7.53383177570093,-12.1079439252336,43.65,0,0,1,0,0,0,0,1,0,0,"October","Oct","20","20","Thu"
2022-10-21,"21",FALSE,11.85,5.95,1.55,4.4,41,32,8,24,1,1056.75,0,4.67,68.2,0,-9,-39,-9.9,-5.64,-2.4,-0.9,8.88178419700125e-16,33.6,12.84,-9.9,-2.64,-0.3,54,-8.30607476635514,-35.9929906542056,-9.13668224299065,-5.20514018691589,-2.21495327102804,-0.830607476635514,7.07637479247062e-16,31.0093457943925,11.85,-9.13668224299065,-2.43644859813084,-0.276869158878505,49.8364485981308,-2.59065420560747,-4.16355140186916,54,0,0,0,1,0,0,0,0,1,0,"October","Oct","21","21","Fri"
2022-10-22,"22",FALSE,11.7,0.85,0.3,0.55,24,23,0,13,1,635.74,0,1.3,91.8,1.8,-5.4,-23.4,-5.94,-3.384,-1.44,-0.54,7.06595276116989e-16,20.16,7.704,-5.94,-1.584,-0.18,32.4,-8.20093457943925,-35.5373831775701,-9.02102803738318,-5.1392523364486,-2.18691588785047,-0.820093457943925,1.41527495849412e-15,30.6168224299065,11.7,-9.02102803738318,-2.40560747663551,-0.273364485981308,49.2056074766355,10.4568224299065,16.8056074766355,32.4,0,0,0,0,1,0,0,0,0,1,"October","Oct","22","22","Sat"
2022-10-23,"23",FALSE,8.1,2.55,0.7,1.85,39,31,7,6,1,744.28,0,1.91,86.4,0,-6.075,-26.325,-6.6825,-3.807,-1.62,-0.6075,1.14032240440388e-15,22.68,8.667,-6.6825,-1.782,-0.2025,36.45,-5.67757009345794,-24.6028037383178,-6.24532710280374,-3.55794392523364,-1.51401869158879,-0.567757009345794,-1.29076396507822e-15,21.196261682243,8.1,-6.24532710280374,-1.66542056074766,-0.189252336448598,34.0654205607477,-1.48373831775701,-2.38457943925234,36.45,0,0,0,0,0,-1,-1,-1,-1,-1,"October","Oct","23","23","Sun"
2022-10-25,"25",FALSE,8.15,0.25,0.2,0.05,10,11,1,9,0,305.38,0,1.01,87.2,1.3,-3.075,-13.325,-3.3825,-1.927,-0.82,-0.3075,6.86364545446041e-16,11.48,4.387,-3.3825,-0.902,-0.1025,18.45,-5.71261682242991,-24.7546728971963,-6.2838785046729,-3.57990654205607,-1.52336448598131,-0.571261682242991,-7.07637479247062e-16,21.3271028037383,8.15,-6.2838785046729,-1.67570093457944,-0.190420560747664,34.2757009345794,9.84710280373832,15.8257009345794,18.45,1,0,0,0,0,1,0,0,0,0,"October","Oct","25","25","Tue"
2022-10-26,"26",FALSE,6.25,2.4,0.7,1.7,26,19,7,5,1,567.29,0,1.62,84.6,0.5,-4.125,-17.875,-4.5375,-2.585,-1.1,-0.4125,1.11022302462516e-16,15.4,5.885,-4.5375,-1.21,-0.1375,24.75,-4.38084112149533,-18.9836448598131,-4.81892523364486,-2.74532710280374,-1.16822429906542,-0.438084112149533,-2.22044604925031e-16,16.3551401869159,6.25,-4.81892523364486,-1.28504672897196,-0.146028037383178,26.285046728972,0.955140186915889,1.53504672897196,24.75,0,1,0,0,0,0,1,0,0,0,"October","Oct","26","26","Wed"
2022-10-27,"27",FALSE,6,3.1,1.1,2,31,23,8,14,3,867.21,0,5.65,58.6,0.6,-6.15,-26.65,-6.765,-3.854,-1.64,-0.615,1.37272909089208e-15,22.96,8.774,-6.765,-1.804,-0.205,36.9,-4.20560747663551,-18.2242990654206,-4.62616822429907,-2.63551401869159,-1.1214953271028,-0.420560747663551,0,15.7009345794393,6,-4.62616822429907,-1.23364485981308,-0.14018691588785,25.2336448598131,-7.25906542056075,-11.6663551401869,36.9,0,0,1,0,0,0,0,1,0,0,"October","Oct","27","27","Thu"
2022-10-28,"28",FALSE,6.6,2.4,1,1.4,39,31,11,12,3,1007.37,0,4.4,56,0,-7.275,-31.525,-8.0025,-4.559,-1.94,-0.7275,5.95572973654473e-16,27.16,10.379,-8.0025,-2.134,-0.2425,43.65,-4.62616822429907,-20.0467289719626,-5.08878504672897,-2.89906542056075,-1.23364485981308,-0.462616822429906,4.15036644719686e-17,17.2710280373832,6.6,-5.08878504672897,-1.35700934579439,-0.154205607476636,27.7570093457944,-9.88897196261682,-15.8929906542056,43.65,0,0,0,1,0,0,0,0,1,0,"October","Oct","28","28","Fri"
2022-10-29,"29",FALSE,7.7,3.5,1.7,1.8,49,31,12,4,2,868.26,0,5.28,68,0,-6.15,-26.65,-6.765,-3.854,-1.64,-0.615,1.37272909089208e-15,22.96,8.774,-6.765,-1.804,-0.205,36.9,-5.39719626168224,-23.3878504672897,-5.93691588785047,-3.3822429906542,-1.4392523364486,-0.539719626168224,1.41527495849412e-15,20.1495327102804,7.7,-5.93691588785047,-1.58317757009346,-0.179906542056075,32.3831775700935,-2.81046728971963,-4.51682242990654,36.9,0,0,0,0,1,0,0,0,0,1,"October","Oct","29","29","Sat"
2022-10-30,"30",FALSE,5.95,2.95,0.9,2.05,39,32,8,20,2,1064.41,0,5.39,51.3,0,-8.4,-36.4,-9.24,-5.264,-2.24,-0.84,-1.81583143583137e-16,31.36,11.984,-9.24,-2.464,-0.28,50.4,-4.17056074766355,-18.0724299065421,-4.58761682242991,-2.61355140186916,-1.11214953271028,-0.417056074766355,6.4538198253911e-16,15.5700934579439,5.95,-4.58761682242991,-1.22336448598131,-0.139018691588785,25.0233644859813,-15.7899065420561,-25.3766355140187,50.4,0,0,0,0,0,-1,-1,-1,-1,-1,"October","Oct","30","30","Sun"
2022-11-01,"01",FALSE,10.95,2.75,1,1.75,24,20,3,7,0,514.6,0,-3.9,81.1,0,-4.275,-18.525,-4.7025,-2.679,-1.14,-0.4275,-7.26826006787936e-16,15.96,6.099,-4.7025,-1.254,-0.1425,25.65,-7.67523364485981,-33.2593457943925,-8.44275700934579,-4.80981308411215,-2.04672897196262,-0.767523364485981,3.05051933868968e-16,28.6542056074766,10.95,-8.44275700934579,-2.25140186915888,-0.255841121495327,46.0514018691589,12.6942056074766,20.4014018691589,25.65,1,0,0,0,0,1,0,0,0,0,"November","Nov","01","01","Tue"
2022-11-02,"02",FALSE,5.8,2.1,0.9,1.2,27,24,2,7,1,630.99,0,-8.36,66,0,-4.8,-20.8,-5.28,-3.008,-1.28,-0.48,9.78969991491694e-16,17.92,6.848,-5.28,-1.408,-0.16,28.8,-4.06542056074766,-17.6168224299065,-4.47196261682243,-2.54766355140187,-1.08411214953271,-0.406542056074766,-4.23337377614078e-16,15.1775700934579,5.8,-4.47196261682243,-1.19252336448598,-0.135514018691589,24.392523364486,-2.74242990654206,-4.40747663551402,28.8,0,1,0,0,0,0,1,0,0,0,"November","Nov","02","02","Wed"
2022-11-03,"03",FALSE,8.05,0.4,0.2,0.2,17,11,6,11,0,447.8,0,-4.65,82,1.7,-3.75,-16.25,-4.125,-2.35,-1,-0.375,-2.22044604925031e-16,14,5.35,-4.125,-1.1,-0.125,22.5,-5.64252336448598,-24.4509345794393,-6.20677570093458,-3.53598130841122,-1.50467289719626,-0.564252336448598,5.83126485831157e-16,21.0654205607477,8.05,-6.20677570093458,-1.65514018691589,-0.188084112149533,33.8551401869159,7.06542056074767,11.3551401869159,22.5,0,0,1,0,0,0,0,1,0,0,"November","Nov","03","03","Thu"
2022-11-04,"04",FALSE,8.05,0.65,0.15,0.5,20,17,3,16,2,622.33,0,-0.11,93,3.5,-5.175,-22.425,-5.6925,-3.243,-1.38,-0.5175,-4.6431994052101e-16,19.32,7.383,-5.6925,-1.518,-0.1725,31.05,-5.64252336448598,-24.4509345794393,-6.20677570093458,-3.53598130841122,-1.50467289719626,-0.564252336448598,5.83126485831157e-16,21.0654205607477,8.05,-6.20677570093458,-1.65514018691589,-0.188084112149533,33.8551401869159,1.74542056074767,2.8051401869159,31.05,0,0,0,1,0,0,0,0,1,0,"November","Nov","04","04","Fri"
2022-11-05,"05",FALSE,6.8,2.1,0.6,1.5,28,12,11,12,2,815.38,0,-7.4,81.5,4.9,-4.425,-19.175,-4.8675,-2.773,-1.18,-0.4425,-1.1304537552961e-15,16.52,6.313,-4.8675,-1.298,-0.1475,26.55,-4.76635514018692,-20.6542056074766,-5.24299065420561,-2.98691588785047,-1.27102803738318,-0.476635514018692,-1.3115157973142e-15,17.7943925233645,6.8,-5.24299065420561,-1.3981308411215,-0.158878504672897,28.5981308411215,1.27439252336449,2.0481308411215,26.55,0,0,0,0,1,0,0,0,0,1,"November","Nov","05","05","Sat"
2022-11-06,"06",FALSE,7.4,3.25,1.2,2.05,39,29,7,14,2,953.16,0,-12.58,63.3,0,-6.975,-30.225,-7.6725,-4.371,-1.86,-0.6975,1.40282847067081e-15,26.04,9.951,-7.6725,-2.046,-0.2325,41.85,-5.18691588785047,-22.4766355140187,-5.70560747663551,-3.25046728971963,-1.38317757009346,-0.518691588785047,1.73485317492828e-15,19.3644859813084,7.4,-5.70560747663551,-1.5214953271028,-0.172897196261682,31.1214953271028,-6.67551401869159,-10.7285046728972,41.85,0,0,0,0,0,-1,-1,-1,-1,-1,"November","Nov","06","06","Sun"
2022-11-08,"08",FALSE,9.25,4.8,2.95,1.85,22,20,2,8,2,593.22,0,-16.94,68,0.2,-4.35,-18.85,-4.785,-2.726,-1.16,-0.435,8.4771695835823e-16,16.24,6.206,-4.785,-1.276,-0.145,26.1,-6.48364485981308,-28.0957943925234,-7.13200934579439,-4.06308411214953,-1.72897196261682,-0.648364485981308,6.66133814775094e-16,24.2056074766355,9.25,-7.13200934579439,-1.9018691588785,-0.216121495327103,38.9018691588785,7.96560747663552,12.8018691588785,26.1,1,0,0,0,0,1,0,0,0,0,"November","Nov","08","08","Tue"
2022-11-09,"09",FALSE,6.35,0.3,0.15,0.15,16,16,0,4,0,353.08,0,-13.38,75.8,0,-3,-13,-3.3,-1.88,-0.8,-0.3,-8.88178419700125e-16,11.2,4.28,-3.3,-0.88,-0.1,18,-4.45093457943925,-19.2873831775701,-4.89602803738318,-2.7892523364486,-1.18691588785047,-0.445093457943925,-1.51280857000325e-15,16.6168224299065,6.35,-4.89602803738318,-1.30560747663551,-0.148364485981308,26.7056074766355,5.41682242990654,8.70560747663551,18,0,1,0,0,0,0,1,0,0,0,"November","Nov","09","09","Wed"
2022-11-10,"10",TRUE,0,0,0,0,0,0,0,0,0,0,0,-10.5,78.1,0,0,0,0,0,0,0,0,0,0,0,0,0,0,0,0,0,0,0,0,0,0,0,0,0,0,0,0,0,0,0,0,1,0,0,0,0,1,0,0,"November","Nov","10","10","Thu"
2022-11-11,"11",TRUE,0,0,0,0,0,0,0,0,0,0,0,-5.48,81.6,0,0,0,0,0,0,0,0,0,0,0,0,0,0,0,0,0,0,0,0,0,0,0,0,0,0,0,0,0,0,0,0,0,1,0,0,0,0,1,0,"November","Nov","11","11","Fri"
2022-11-12,"12",FALSE,7.25,2.05,0.75,1.3,23,19,2,20,3,721.73,0,-3.65,91.9,0.7,-6,-26,-6.6,-3.76,-1.6,-0.6,-1.77635683940025e-15,22.4,8.56,-6.6,-1.76,-0.2,36,-5.08177570093458,-22.0210280373832,-5.58995327102804,-3.18457943925234,-1.35514018691589,-0.508177570093458,-1.11022302462516e-15,18.9719626168224,7.25,-5.58995327102804,-1.49065420560748,-0.169392523364486,30.4906542056075,-3.42803738317757,-5.50934579439252,36,0,0,0,0,1,0,0,0,0,1,"November","Nov","12","12","Sat"
2022-11-13,"13",FALSE,13.8,0.95,0.2,0.75,13,13,6,8,0,460.13,0,-5.23,90,0,-3.6,-15.6,-3.96,-2.256,-0.96,-0.36,1.81583143583137e-16,13.44,5.136,-3.96,-1.056,-0.12,21.6,-9.67289719626168,-41.9158878504673,-10.6401869158879,-6.06168224299065,-2.57943925233645,-0.967289719626168,-2.74754258804431e-15,36.1121495327103,13.8,-10.6401869158879,-2.83738317757009,-0.322429906542056,58.0373831775701,22.6721495327103,36.4373831775701,21.6,0,0,0,0,0,-1,-1,-1,-1,-1,"November","Nov","13","13","Sun"
2022-11-15,"15",FALSE,10.25,0.95,0.75,0.2,21,19,2,19,0,581.23,0,-5.82,94.2,0,-5.85,-25.35,-6.435,-3.666,-1.56,-0.585,-1.37272909089208e-15,21.84,8.346,-6.435,-1.716,-0.195,35.1,-7.18457943925234,-31.1331775700935,-7.90303738317757,-4.50233644859813,-1.91588785046729,-0.718457943925234,-2.22044604925031e-16,26.8224299065421,10.25,-7.90303738317757,-2.10747663551402,-0.239485981308411,43.107476635514,4.98242990654206,8.00747663551402,35.1,1,0,0,0,0,1,0,0,0,0,"November","Nov","15","15","Tue"
2022-11-16,"16",FALSE,6.4,1.35,0.75,0.6,25,21,4,15,1,653.47,0,-5.39,90.6,0.2,-5.7,-24.7,-6.27,-3.572,-1.52,-0.57,-9.69101342383914e-16,21.28,8.132,-6.27,-1.672,-0.19,34.2,-4.48598130841121,-19.4392523364486,-4.93457943925234,-2.81121495327103,-1.19626168224299,-0.448598130841121,-9.29682084172094e-16,16.7476635514019,6.4,-4.93457943925234,-1.31588785046729,-0.149532710280374,26.9158878504673,-4.53233644859813,-7.28411214953271,34.2,0,1,0,0,0,0,1,0,0,0,"November","Nov","16","16","Wed"
2022-11-17,"17",FALSE,6.2,0.8,0.55,0.25,29,27,2,11,3,851.08,0,-12.95,81.9,0.2,-5.85,-25.35,-6.435,-3.666,-1.56,-0.585,-1.37272909089208e-15,21.84,8.346,-6.435,-1.716,-0.195,35.1,-4.34579439252336,-18.8317757009346,-4.7803738317757,-2.72336448598131,-1.1588785046729,-0.434579439252336,4.23337377614078e-16,16.2242990654206,6.2,-4.7803738317757,-1.27476635514019,-0.144859813084112,26.0747663551402,-5.61570093457944,-9.02523364485981,35.1,0,0,1,0,0,0,0,1,0,0,"November","Nov","17","17","Thu"
2022-11-18,"18",FALSE,7.35,3.8,1.9,1.9,39,31,7,16,4,993.87,0,-10.3,89.1,0,-7.575,-32.825,-8.3325,-4.747,-2.02,-0.7575,-1.08012364484643e-15,28.28,10.807,-8.3325,-2.222,-0.2525,45.45,-5.1518691588785,-22.3247663551402,-5.66705607476636,-3.2285046728972,-1.37383177570093,-0.51518691588785,1.15172668909713e-15,19.2336448598131,7.35,-5.66705607476636,-1.51121495327103,-0.171728971962617,30.911214953271,-9.04635514018691,-14.538785046729,45.45,0,0,0,1,0,0,0,0,1,0,"November","Nov","18","18","Fri"
2022-11-19,"19",FALSE,8.7,4.25,1.3,2.95,31,31,0,21,5,976.12,0,-9.35,85,0,-7.8,-33.8,-8.58,-4.888,-2.08,-0.78,1.43292785044954e-15,29.12,11.128,-8.58,-2.288,-0.26,46.8,-6.0981308411215,-26.4252336448598,-6.70794392523364,-3.8214953271028,-1.62616822429907,-0.609813084112149,5.27096538794e-16,22.7663551401869,8.7,-6.70794392523364,-1.78878504672897,-0.203271028037383,36.588785046729,-6.35364485981309,-10.211214953271,46.8,0,0,0,0,1,0,0,0,0,1,"November","Nov","19","19","Sat"
2022-11-20,"20",FALSE,7.4,1.45,0.9,0.55,29,28,1,12,1,767.27,0,-5.08,89.4,5.5,-6.075,-26.325,-6.6825,-3.807,-1.62,-0.6075,1.14032240440388e-15,22.68,8.667,-6.6825,-1.782,-0.2025,36.45,-5.18691588785047,-22.4766355140187,-5.70560747663551,-3.25046728971963,-1.38317757009346,-0.518691588785047,1.73485317492828e-15,19.3644859813084,7.4,-5.70560747663551,-1.5214953271028,-0.172897196261682,31.1214953271028,-3.31551401869159,-5.32850467289719,36.45,0,0,0,0,0,-1,-1,-1,-1,-1,"November","Nov","20","20","Sun"
2022-11-22,"22",FALSE,12.1,0.9,0.65,0.25,20,16,4,6,0,441.4,0,0.69,95.4,9.6,-3.6,-15.6,-3.96,-2.256,-0.96,-0.36,1.81583143583137e-16,13.44,5.136,-3.96,-1.056,-0.12,21.6,-8.48130841121495,-36.7523364485981,-9.32943925233645,-5.31495327102804,-2.26168224299065,-0.848130841121495,-1.29076396507822e-15,31.6635514018692,12.1,-9.32943925233645,-2.48785046728972,-0.282710280373832,50.8878504672897,18.2235514018692,29.2878504672897,21.6,1,0,0,0,0,1,0,0,0,0,"November","Nov","22","22","Tue"
2022-11-23,"23",FALSE,6.5,0.4,0.15,0.25,12,11,1,8,0,441.91,0,1.11,87.6,0.2,-2.925,-12.675,-3.2175,-1.833,-0.78,-0.2925,-6.86364545446041e-16,10.92,4.173,-3.2175,-0.858,-0.0975,17.55,-4.55607476635514,-19.7429906542056,-5.01168224299065,-2.85514018691589,-1.21495327102804,-0.455607476635514,1.33226762955019e-15,17.0093457943925,6.5,-5.01168224299065,-1.33644859813084,-0.151869158878505,27.3364485981308,6.08934579439253,9.78644859813085,17.55,0,1,0,0,0,0,1,0,0,0,"November","Nov","23","23","Wed"
2022-11-24,"24",FALSE,7.25,2.45,0.45,2,28,19,8,14,1,755.95,0,3.55,79.5,14.1,-5.55,-24.05,-6.105,-3.478,-1.48,-0.555,-5.65473593875746e-16,20.72,7.918,-6.105,-1.628,-0.185,33.3,-5.08177570093458,-22.0210280373832,-5.58995327102804,-3.18457943925234,-1.35514018691589,-0.508177570093458,-1.11022302462516e-15,18.9719626168224,7.25,-5.58995327102804,-1.49065420560748,-0.169392523364486,30.4906542056075,-1.74803738317757,-2.80934579439253,33.3,0,0,1,0,0,0,0,1,0,0,"November","Nov","24","24","Thu"
2022-11-25,"25",FALSE,7.2,1.5,0.35,1.15,21,17,2,18,0,684.51,0,0.3,83.8,3,-5.4,-23.4,-5.94,-3.384,-1.44,-0.54,7.06595276116989e-16,20.16,7.704,-5.94,-1.584,-0.18,32.4,-5.04672897196262,-21.8691588785047,-5.55140186915888,-3.16261682242991,-1.34579439252336,-0.504672897196262,-1.69334951045631e-15,18.8411214953271,7.2,-5.55140186915888,-1.4803738317757,-0.168224299065421,30.2803738317757,-1.3188785046729,-2.1196261682243,32.4,0,0,0,1,0,0,0,0,1,0,"November","Nov","25","25","Fri"
2022-11-26,"26",FALSE,5.75,3.25,1.35,1.9,36,26,10,22,6,1080.17,0,1.52,70.2,1,-7.95,-34.45,-8.745,-4.982,-2.12,-0.795,1.02930010194137e-15,29.68,11.342,-8.745,-2.332,-0.265,47.7,-4.0303738317757,-17.464953271028,-4.43341121495327,-2.52570093457944,-1.07476635514019,-0.40303738317757,2.22044604925031e-16,15.0467289719626,5.75,-4.43341121495327,-1.18224299065421,-0.134345794392523,24.1822429906542,-14.6332710280374,-23.5177570093458,47.7,0,0,0,0,1,0,0,0,0,1,"November","Nov","26","26","Sat"
2022-11-27,"27",FALSE,7,2.5,0.45,2.05,24,13,10,11,0,601.01,0,-6.53,65.7,0.5,-4.35,-18.85,-4.785,-2.726,-1.16,-0.435,8.4771695835823e-16,16.24,6.206,-4.785,-1.276,-0.145,26.1,-4.90654205607477,-21.2616822429907,-5.39719626168224,-3.07476635514019,-1.30841121495327,-0.490654205607477,8.88178419700125e-16,18.3177570093458,7,-5.39719626168224,-1.4392523364486,-0.163551401869159,29.4392523364486,2.0777570093458,3.3392523364486,26.1,0,0,0,0,0,-1,-1,-1,-1,-1,"November","Nov","27","27","Sun"
2022-11-29,"29",FALSE,6.75,1.6,1.15,0.45,20,16,2,17,0,552.71,0,-16.45,68.2,0,-5.1,-22.1,-5.61,-3.196,-1.36,-0.51,1.51385077313332e-15,19.04,7.276,-5.61,-1.496,-0.17,30.6,-4.73130841121495,-20.5023364485981,-5.20443925233645,-2.96495327102804,-1.26168224299065,-0.473130841121495,-6.66133814775094e-16,17.6635514018692,6.75,-5.20443925233645,-1.38785046728972,-0.157710280373832,28.3878504672897,-1.37644859813084,-2.21214953271028,30.6,1,0,0,0,0,1,0,0,0,0,"November","Nov","29","29","Tue"
2022-11-30,"30",FALSE,7.75,2.9,0.800000000000001,2.1,27,21,5,2,5,435.56,0,-17.5,62.6,0.6,-3.825,-16.575,-4.2075,-2.397,-1.02,-0.3825,-4.23858479179115e-16,14.28,5.457,-4.2075,-1.122,-0.1275,22.95,-5.43224299065421,-23.5397196261682,-5.97546728971963,-3.40420560747664,-1.44859813084112,-0.54322429906542,-1.55431223447522e-15,20.2803738317757,7.75,-5.97546728971963,-1.59345794392523,-0.18107476635514,32.5934579439252,6.0003738317757,9.64345794392523,22.95,0,1,0,0,0,0,1,0,0,0,"November","Nov","30","30","Wed"
2022-12-01,"01",TRUE,0,0,0,0,0,0,0,0,0,0,0,-24.02,71.4,0.2,0,0,0,0,0,0,0,0,0,0,0,0,0,0,0,0,0,0,0,0,0,0,0,0,0,0,0,0,0,0,0,1,0,0,0,0,1,0,0,"December","Dec","01","01","Thu"
2022-12-02,"02",FALSE,0,0,0,0,2,2,1,13,0,390.1,0,-21.46,77.5,1,-2.325,-10.075,-2.5575,-1.457,-0.62,-0.2325,6.91298869999931e-16,8.68,3.317,-2.5575,-0.682,-0.0775,13.95,0,0,0,0,0,0,0,0,0,0,0,0,0,-8.68,-13.95,13.95,0,0,0,1,0,0,0,0,1,0,"December","Dec","02","02","Fri"
2022-12-03,"03",FALSE,8.45,1.65,0.45,1.2,22,16,4,22,2,804.11,0,-21.71,78.6,0,-6,-26,-6.6,-3.76,-1.6,-0.6,-1.77635683940025e-15,22.4,8.56,-6.6,-1.76,-0.2,36,-5.92289719626168,-25.6658878504673,-6.51518691588785,-3.71168224299065,-1.57943925233645,-0.592289719626168,-1.02721569568122e-15,22.1121495327103,8.45,-6.51518691588785,-1.73738317757009,-0.197429906542056,35.5373831775701,-0.287850467289719,-0.462616822429905,36,0,0,0,0,1,0,0,0,0,1,"December","Dec","03","03","Sat"
2022-12-04,"04",FALSE,6.1,2.6,0.8,1.8,36,30,6,14,5,922.06,0,-15.9,83.1,0,-7.05,-30.55,-7.755,-4.418,-1.88,-0.705,7.66794035674441e-16,26.32,10.058,-7.755,-2.068,-0.235,42.3,-4.27570093457944,-18.5280373831776,-4.70327102803738,-2.67943925233645,-1.14018691588785,-0.427570093457944,4.85592874322031e-16,15.9626168224299,6.1,-4.70327102803738,-1.25420560747664,-0.142523364485981,25.6542056074766,-10.3573831775701,-16.6457943925234,42.3,0,0,0,0,0,-1,-1,-1,-1,-1,"December","Dec","04","04","Sun"
2022-12-06,"06",FALSE,6.8,3.35,1.05,2.3,29,27,4,11,2,742.5,0,-9.89,86.4,2,-6,-26,-6.6,-3.76,-1.6,-0.6,-1.77635683940025e-15,22.4,8.56,-6.6,-1.76,-0.2,36,-4.76635514018692,-20.6542056074766,-5.24299065420561,-2.98691588785047,-1.27102803738318,-0.476635514018692,-1.3115157973142e-15,17.7943925233645,6.8,-5.24299065420561,-1.3981308411215,-0.158878504672897,28.5981308411215,-4.60560747663551,-7.4018691588785,36,1,0,0,0,0,1,0,0,0,0,"December","Dec","06","06","Tue"
2022-12-07,"07",FALSE,6.9,0.3,0.2,0.0999999999999999,14,12,2,15,2,572.14,0,-2.88,87.9,2.1,-4.2,-18.2,-4.62,-2.632,-1.12,-0.42,-9.07915717915684e-17,15.68,5.992,-4.62,-1.232,-0.14,25.2,-4.83644859813084,-20.9579439252336,-5.32009345794393,-3.03084112149533,-1.28971962616822,-0.483644859813084,-1.37377129402216e-15,18.0560747663551,6.9,-5.32009345794393,-1.41869158878505,-0.161214953271028,29.018691588785,2.37607476635514,3.81869158878505,25.2,0,1,0,0,0,0,1,0,0,0,"December","Dec","07","07","Wed"
2022-12-08,"08",FALSE,8.05,0.65,0.45,0.2,22,22,3,10,3,686.21,0,-2.09,79.5,0,-5.025,-21.775,-5.5275,-3.149,-1.34,-0.5025,-6.06921920128419e-17,18.76,7.169,-5.5275,-1.474,-0.1675,30.15,-5.64252336448598,-24.4509345794393,-6.20677570093458,-3.53598130841122,-1.50467289719626,-0.564252336448598,5.83126485831157e-16,21.0654205607477,8.05,-6.20677570093458,-1.65514018691589,-0.188084112149533,33.8551401869159,2.30542056074767,3.70514018691589,30.15,0,0,1,0,0,0,0,1,0,0,"December","Dec","08","08","Thu"
2022-12-09,"09",FALSE,7.25,2.95,1.05,1.9,30,26,6,26,5,1007.81,0,-6.7,81.1,0,-8.25,-35.75,-9.075,-5.17,-2.2,-0.825,2.22044604925031e-16,30.8,11.77,-9.075,-2.42,-0.275,49.5,-5.08177570093458,-22.0210280373832,-5.58995327102804,-3.18457943925234,-1.35514018691589,-0.508177570093458,-1.11022302462516e-15,18.9719626168224,7.25,-5.58995327102804,-1.49065420560748,-0.169392523364486,30.4906542056075,-11.8280373831776,-19.0093457943925,49.5,0,0,0,1,0,0,0,0,1,0,"December","Dec","09","09","Fri"
2022-12-10,"10",FALSE,8.1,2.95,1.25,1.7,26,21,5,11,1,709.09,0,-5.2,85,0.5,-5.175,-22.425,-5.6925,-3.243,-1.38,-0.5175,-4.6431994052101e-16,19.32,7.383,-5.6925,-1.518,-0.1725,31.05,-5.67757009345794,-24.6028037383178,-6.24532710280374,-3.55794392523364,-1.51401869158879,-0.567757009345794,-1.29076396507822e-15,21.196261682243,8.1,-6.24532710280374,-1.66542056074766,-0.189252336448598,34.0654205607477,1.87626168224299,3.01542056074766,31.05,0,0,0,0,1,0,0,0,0,1,"December","Dec","10","10","Sat"
2022-12-11,"11",FALSE,7.2,2.15,0.45,1.7,23,19,7,15,0,677.29,0,-13.36,81.8,1.7,-5.625,-24.375,-6.1875,-3.525,-1.5,-0.5625,-3.33066907387547e-16,21,8.025,-6.1875,-1.65,-0.1875,33.75,-5.04672897196262,-21.8691588785047,-5.55140186915888,-3.16261682242991,-1.34579439252336,-0.504672897196262,-1.69334951045631e-15,18.8411214953271,7.2,-5.55140186915888,-1.4803738317757,-0.168224299065421,30.2803738317757,-2.1588785046729,-3.4696261682243,33.75,0,0,0,0,0,-1,-1,-1,-1,-1,"December","Dec","11","11","Sun"
2022-12-13,"13",FALSE,7.5,1.35,0.7,0.65,23,19,4,19,0,731.42,0,-9.99,88.6,1.9,-6,-26,-6.6,-3.76,-1.6,-0.6,-1.77635683940025e-15,22.4,8.56,-6.6,-1.76,-0.2,36,-5.25700934579439,-22.7803738317757,-5.78271028037383,-3.29439252336449,-1.4018691588785,-0.525700934579439,4.44089209850063e-16,19.6261682242991,7.5,-5.78271028037383,-1.54205607476636,-0.175233644859813,31.5420560747664,-2.77383177570093,-4.45794392523364,36,1,0,0,0,0,1,0,0,0,0,"December","Dec","13","13","Tue"
2022-12-14,"14",FALSE,6.2,1.1,0.4,0.7,14,13,1,22,3,668.99,0,-10.53,90,0,-5.325,-23.075,-5.8575,-3.337,-1.42,-0.5325,-8.67947689029178e-16,19.88,7.597,-5.8575,-1.562,-0.1775,31.95,-4.34579439252336,-18.8317757009346,-4.7803738317757,-2.72336448598131,-1.1588785046729,-0.434579439252336,4.23337377614078e-16,16.2242990654206,6.2,-4.7803738317757,-1.27476635514019,-0.144859813084112,26.0747663551402,-3.65570093457944,-5.87523364485981,31.95,0,1,0,0,0,0,1,0,0,0,"December","Dec","14","14","Wed"
2022-12-15,"15",FALSE,6.75,2.15,0.45,1.7,38,34,8,19,2,933.58,0,-10.04,90,0,-8.55,-37.05,-9.405,-5.358,-2.28,-0.855,-1.45365201357587e-15,31.92,12.198,-9.405,-2.508,-0.285,51.3,-4.73130841121495,-20.5023364485981,-5.20443925233645,-2.96495327102804,-1.26168224299065,-0.473130841121495,-6.66133814775094e-16,17.6635514018692,6.75,-5.20443925233645,-1.38785046728972,-0.157710280373832,28.3878504672897,-14.2564485981308,-22.9121495327103,51.3,0,0,1,0,0,0,0,1,0,0,"December","Dec","15","15","Thu"
2022-12-16,"16",FALSE,13.6,2.55,0.9,1.65,21,19,2,11,0,562.72,0,-7.53,88.4,0,-4.65,-20.15,-5.115,-2.914,-1.24,-0.465,1.38259773999986e-15,17.36,6.634,-5.115,-1.364,-0.155,27.9,-9.53271028037383,-41.3084112149533,-10.4859813084112,-5.97383177570093,-2.54205607476636,-0.953271028037383,-2.62303159462841e-15,35.588785046729,13.6,-10.4859813084112,-2.79626168224299,-0.317757009345794,57.196261682243,18.228785046729,29.296261682243,27.9,0,0,0,1,0,0,0,0,1,0,"December","Dec","16","16","Fri"
2022-12-17,"17",FALSE,7.8,2.45,0.7,1.75,28,19,9,16,0,797.76,0,-17.6,58,0,-5.925,-25.675,-6.5175,-3.713,-1.58,-0.5925,1.54395015291205e-15,22.12,8.453,-6.5175,-1.738,-0.1975,35.55,-5.46728971962617,-23.6915887850467,-6.01401869158879,-3.42616822429907,-1.45794392523365,-0.546728971962617,-9.71185748644062e-16,20.411214953271,7.8,-6.01401869158879,-1.60373831775701,-0.182242990654206,32.803738317757,-1.70878504672897,-2.74626168224299,35.55,0,0,0,0,1,0,0,0,0,1,"December","Dec","17","17","Sat"
2022-12-18,"18",FALSE,7,3,1.05,1.95,29,18,11,24,4,813.09,0,-23.89,56.1,0.2,-7.125,-30.875,-7.8375,-4.465,-1.9,-0.7125,9.99200722162641e-16,26.6,10.165,-7.8375,-2.09,-0.2375,42.75,-4.90654205607477,-21.2616822429907,-5.39719626168224,-3.07476635514019,-1.30841121495327,-0.490654205607477,8.88178419700125e-16,18.3177570093458,7,-5.39719626168224,-1.4392523364486,-0.163551401869159,29.4392523364486,-8.2822429906542,-13.3107476635514,42.75,0,0,0,0,0,-1,-1,-1,-1,-1,"December","Dec","18","18","Sun"
2022-12-20,"20",FALSE,11.85,1.7,0.5,1.2,27,20,4,13,6,711.81,0,-36.42,67.5,0,-5.25,-22.75,-5.775,-3.29,-1.4,-0.525,1.11022302462516e-15,19.6,7.49,-5.775,-1.54,-0.175,31.5,-8.30607476635514,-35.9929906542056,-9.13668224299065,-5.20514018691589,-2.21495327102804,-0.830607476635514,7.07637479247062e-16,31.0093457943925,11.85,-9.13668224299065,-2.43644859813084,-0.276869158878505,49.8364485981308,11.4093457943925,18.3364485981308,31.5,1,0,0,0,0,1,0,0,0,0,"December","Dec","20","20","Tue"
2022-12-21,"21",FALSE,6.35,0.35,0.15,0.2,14,11,2,7,3,423.54,0,-35.91,66.7,0,-2.85,-12.35,-3.135,-1.786,-0.76,-0.285,-4.84550671191957e-16,10.64,4.066,-3.135,-0.836,-0.095,17.1,-4.45093457943925,-19.2873831775701,-4.89602803738318,-2.7892523364486,-1.18691588785047,-0.445093457943925,-1.51280857000325e-15,16.6168224299065,6.35,-4.89602803738318,-1.30560747663551,-0.148364485981308,26.7056074766355,5.97682242990654,9.60560747663551,17.1,0,1,0,0,0,0,1,0,0,0,"December","Dec","21","21","Wed"
2022-12-22,"22",FALSE,7.05,1.05,0.35,0.7,29,25,2,5,2,578.67,0,-33.26,70.7,0,-4.65,-20.15,-5.115,-2.914,-1.24,-0.465,1.38259773999986e-15,17.36,6.634,-5.115,-1.364,-0.155,27.9,-4.94158878504673,-21.4135514018692,-5.4357476635514,-3.09672897196262,-1.31775700934579,-0.494158878504673,1.47130490553128e-15,18.4485981308411,7.05,-5.4357476635514,-1.44953271028037,-0.164719626168224,29.6495327102804,1.08859813084112,1.74953271028038,27.9,0,0,1,0,0,0,0,1,0,0,"December","Dec","22","22","Thu"
2022-12-23,"23",FALSE,7.3,0.45,0.2,0.25,17,13,0,15,0,630.79,0,-20.33,80.2,7.7,-4.2,-18.2,-4.62,-2.632,-1.12,-0.42,-9.07915717915684e-17,15.68,5.992,-4.62,-1.232,-0.14,25.2,-5.11682242990654,-22.1728971962617,-5.6285046728972,-3.20654205607477,-1.36448598130841,-0.511682242990654,-5.27096538794e-16,19.1028037383178,7.3,-5.6285046728972,-1.50093457943925,-0.170560747663551,30.7009345794393,3.42280373831776,5.50093457943926,25.2,0,0,0,1,0,0,0,0,1,0,"December","Dec","23","23","Fri"
2022-12-24,"24",TRUE,0,0,0,0,0,0,0,0,0,0,0,-6.63,88,5.7,0,0,0,0,0,0,0,0,0,0,0,0,0,0,0,0,0,0,0,0,0,0,0,0,0,0,0,0,0,0,0,0,0,1,0,0,0,0,1,"December","Dec","24","24","Sat"
2022-12-25,"25",TRUE,0,0,0,0,0,0,0,0,0,0,0,0.21,84.6,0.2,0,0,0,0,0,0,0,0,0,0,0,0,0,0,0,0,0,0,0,0,0,0,0,0,0,0,0,0,0,0,0,0,0,0,-1,-1,-1,-1,-1,"December","Dec","25","25","Sun"
2022-12-27,"27",FALSE,7.05,1.95,0.45,1.5,24,22,5,15,1,729.82,0,-1.6,97.2,3.3,-5.925,-25.675,-6.5175,-3.713,-1.58,-0.5925,1.54395015291205e-15,22.12,8.453,-6.5175,-1.738,-0.1975,35.55,-4.94158878504673,-21.4135514018692,-5.4357476635514,-3.09672897196262,-1.31775700934579,-0.494158878504673,1.47130490553128e-15,18.4485981308411,7.05,-5.4357476635514,-1.44953271028037,-0.164719626168224,29.6495327102804,-3.67140186915888,-5.90046728971962,35.55,1,0,0,0,0,1,0,0,0,0,"December","Dec","27","27","Tue"
2022-12-28,"28",FALSE,8.15,0.85,0.35,0.5,21,19,1,10,2,491.86,0,-3.17,97,0,-4.425,-19.175,-4.8675,-2.773,-1.18,-0.4425,-1.1304537552961e-15,16.52,6.313,-4.8675,-1.298,-0.1475,26.55,-5.71261682242991,-24.7546728971963,-6.2838785046729,-3.57990654205607,-1.52336448598131,-0.571261682242991,-7.07637479247062e-16,21.3271028037383,8.15,-6.2838785046729,-1.67570093457944,-0.190420560747664,34.2757009345794,4.80710280373832,7.72570093457944,26.55,0,1,0,0,0,0,1,0,0,0,"December","Dec","28","28","Wed"
2022-12-29,"29",FALSE,6.85,4.25,1.45,2.8,50,32,10,14,3,1106.94,0,-2.57,93.5,0.2,-7.65,-33.15,-8.415,-4.794,-2.04,-0.765,-8.4771695835823e-16,28.56,10.914,-8.415,-2.244,-0.255,45.9,-4.80140186915888,-20.8060747663551,-5.28154205607477,-3.0088785046729,-1.2803738317757,-0.480140186915888,1.59581589894719e-15,17.9252336448598,6.85,-5.28154205607477,-1.40841121495327,-0.160046728971963,28.8084112149533,-10.6347663551402,-17.0915887850467,45.9,0,0,1,0,0,0,0,1,0,0,"December","Dec","29","29","Thu"
2022-12-30,"30",FALSE,13.25,3.1,1.05,2.05,40,29,8,19,1,966.93,0,-4.44,95.6,0.9,-7.8,-33.8,-8.58,-4.888,-2.08,-0.78,1.43292785044954e-15,29.12,11.128,-8.58,-2.288,-0.26,46.8,-9.28738317757009,-40.2453271028037,-10.2161214953271,-5.82009345794393,-2.47663551401869,-0.928738317757009,6.66133814775094e-16,34.6728971962617,13.25,-10.2161214953271,-2.72429906542056,-0.309579439252336,55.7242990654206,5.55289719626168,8.92429906542056,46.8,0,0,0,1,0,0,0,0,1,0,"December","Dec","30","30","Fri"
2022-12-31,"31",FALSE,13.45,0.0999999999999999,0.0499999999999998,0.05,14,11,3,8,0,364.9,0,-1.97,94,0.2,-3.075,-13.325,-3.3825,-1.927,-0.82,-0.3075,6.86364545446041e-16,11.48,4.387,-3.3825,-0.902,-0.1025,18.45,-9.42757009345794,-40.8528037383178,-10.3703271028037,-5.90794392523364,-2.51401869158878,-0.942757009345794,-1.91539411538134e-15,35.196261682243,13.45,-10.3703271028037,-2.76542056074766,-0.314252336448598,56.5654205607477,23.716261682243,38.1154205607477,18.45,0,0,0,0,1,0,0,0,0,1,"December","Dec","31","31","Sat"
2023-01-01,"01",TRUE,0,0,0,0,0,0,0,0,0,0,1,-4.01,94.8,0,0,0,0,0,0,0,0,0,0,0,0,0,0,0,0,0,0,0,0,0,0,0,0,0,0,0,0,0,0,0,0,0,0,0,-1,-1,-1,-1,-1,"January","Jan","01","01","Sun"
2023-01-03,"03",FALSE,7.6,1.6,0.35,1.25,15,15,0,4,0,344.92,1,-7.92,91.1,0,-2.85,-12.35,-3.135,-1.786,-0.76,-0.285,-4.84550671191957e-16,10.64,4.066,-3.135,-0.836,-0.095,17.1,-5.32710280373832,-23.0841121495327,-5.85981308411215,-3.33831775700935,-1.42056074766355,-0.532710280373832,-8.46674755228157e-16,19.8878504672897,7.6,-5.85981308411215,-1.56261682242991,-0.177570093457944,31.9626168224299,9.24785046728972,14.8626168224299,17.1,1,0,0,0,0,1,0,0,0,0,"January","Jan","03","03","Tue"
2023-01-04,"04",FALSE,8.65,1.95,0.45,1.5,22,14,7,8,1,563.78,1,-9.97,89.5,0,-3.825,-16.575,-4.2075,-2.397,-1.02,-0.3825,-4.23858479179115e-16,14.28,5.457,-4.2075,-1.122,-0.1275,22.95,-6.06308411214953,-26.2733644859813,-6.66939252336449,-3.79953271028037,-1.61682242990654,-0.606308411214953,-1.15172668909713e-15,22.6355140186916,8.65,-6.66939252336449,-1.7785046728972,-0.202102803738318,36.3785046728972,8.35551401869159,13.4285046728972,22.95,0,1,0,0,0,0,1,0,0,0,"January","Jan","04","04","Wed"
2023-01-05,"05",FALSE,6.25,1.45,0.35,1.1,31,24,9,13,0,806.24,1,-9.7,90,0,-6.225,-26.975,-6.8475,-3.901,-1.66,-0.6225,7.36694655895715e-16,23.24,8.881,-6.8475,-1.826,-0.2075,37.35,-4.38084112149533,-18.9836448598131,-4.81892523364486,-2.74532710280374,-1.16822429906542,-0.438084112149533,-2.22044604925031e-16,16.3551401869159,6.25,-4.81892523364486,-1.28504672897196,-0.146028037383178,26.285046728972,-6.88485981308411,-11.064953271028,37.35,0,0,1,0,0,0,0,1,0,0,"January","Jan","05","05","Thu"
2023-01-06,"06",FALSE,7.7,2.75,1,1.75,30,22,5,16,1,823.18,1,0.05,80.4,0.2,-6.075,-26.325,-6.6825,-3.807,-1.62,-0.6075,1.14032240440388e-15,22.68,8.667,-6.6825,-1.782,-0.2025,36.45,-5.39719626168224,-23.3878504672897,-5.93691588785047,-3.3822429906542,-1.4392523364486,-0.539719626168224,1.41527495849412e-15,20.1495327102804,7.7,-5.93691588785047,-1.58317757009346,-0.179906542056075,32.3831775700935,-2.53046728971963,-4.06682242990654,36.45,0,0,0,1,0,0,0,0,1,0,"January","Jan","06","06","Fri"
2023-01-07,"07",FALSE,7.7,0.2,0.15,0.05,17,15,2,12,0,569.7,1,-0.38,82.4,0,-4.2,-18.2,-4.62,-2.632,-1.12,-0.42,-9.07915717915684e-17,15.68,5.992,-4.62,-1.232,-0.14,25.2,-5.39719626168224,-23.3878504672897,-5.93691588785047,-3.3822429906542,-1.4392523364486,-0.539719626168224,1.41527495849412e-15,20.1495327102804,7.7,-5.93691588785047,-1.58317757009346,-0.179906542056075,32.3831775700935,4.46953271028038,7.18317757009346,25.2,0,0,0,0,1,0,0,0,0,1,"January","Jan","07","07","Sat"
2023-01-08,"08",FALSE,7.4,3.65,1.05,2.6,40,22,11,24,0,1020.8,1,-0.38,95.8,0.5,-7.725,-33.475,-8.4975,-4.841,-2.06,-0.7725,-1.4837513933546e-15,28.84,11.021,-8.4975,-2.266,-0.2575,46.35,-5.18691588785047,-22.4766355140187,-5.70560747663551,-3.25046728971963,-1.38317757009346,-0.518691588785047,1.73485317492828e-15,19.3644859813084,7.4,-5.70560747663551,-1.5214953271028,-0.172897196261682,31.1214953271028,-9.47551401869158,-15.2285046728972,46.35,0,0,0,0,0,-1,-1,-1,-1,-1,"January","Jan","08","08","Sun"
2023-01-10,"10",FALSE,6.65,1.15,0.4,0.75,21,10,8,11,2,587.35,1,-1.69,94.6,3.1,-3.75,-16.25,-4.125,-2.35,-1,-0.375,-2.22044604925031e-16,14,5.35,-4.125,-1.1,-0.125,22.5,-4.66121495327103,-20.1985981308411,-5.12733644859813,-2.92102803738318,-1.24299065420561,-0.466121495327103,6.24630150303125e-16,17.4018691588785,6.65,-5.12733644859813,-1.36728971962617,-0.155373831775701,27.9672897196262,3.40186915887851,5.46728971962617,22.5,1,0,0,0,0,1,0,0,0,0,"January","Jan","10","10","Tue"
2023-01-11,"11",FALSE,6.65,1.45,0.45,1,11,8,2,17,0,460.03,1,-6.15,94.5,0,-3.9,-16.9,-4.29,-2.444,-1.04,-0.39,7.16463925224768e-16,14.56,5.564,-4.29,-1.144,-0.13,23.4,-4.66121495327103,-20.1985981308411,-5.12733644859813,-2.92102803738318,-1.24299065420561,-0.466121495327103,6.24630150303125e-16,17.4018691588785,6.65,-5.12733644859813,-1.36728971962617,-0.155373831775701,27.9672897196262,2.84186915887851,4.56728971962617,23.4,0,1,0,0,0,0,1,0,0,0,"January","Jan","11","11","Wed"
2023-01-12,"12",FALSE,7.35,2.35,0.75,1.6,29,18,8,7,0,633.78,1,-2.45,97.2,4.4,-4.35,-18.85,-4.785,-2.726,-1.16,-0.435,8.4771695835823e-16,16.24,6.206,-4.785,-1.276,-0.145,26.1,-5.1518691588785,-22.3247663551402,-5.66705607476636,-3.2285046728972,-1.37383177570093,-0.51518691588785,1.15172668909713e-15,19.2336448598131,7.35,-5.66705607476636,-1.51121495327103,-0.171728971962617,30.911214953271,2.99364485981308,4.81121495327103,26.1,0,0,1,0,0,0,0,1,0,0,"January","Jan","12","12","Thu"
2023-01-13,"13",FALSE,8.4,0.25,0.05,0.2,15,13,1,15,0,335.33,1,1.69,95.5,1.4,-4.275,-18.525,-4.7025,-2.679,-1.14,-0.4275,-7.26826006787936e-16,15.96,6.099,-4.7025,-1.254,-0.1425,25.65,-5.88785046728972,-25.5140186915888,-6.47663551401869,-3.68971962616822,-1.57009345794393,-0.588785046728972,8.46674755228157e-16,21.981308411215,8.4,-6.47663551401869,-1.72710280373832,-0.196261682242991,35.3271028037383,6.02130841121496,9.67710280373832,25.65,0,0,0,1,0,0,0,0,1,0,"January","Jan","13","13","Fri"
2023-01-14,"14",FALSE,7.95,4.15,1.25,2.9,37,27,7,22,8,1093.94,1,0.16,95.8,0.2,-7.875,-34.125,-8.6625,-4.935,-2.1,-0.7875,1.66533453693773e-15,29.4,11.235,-8.6625,-2.31,-0.2625,47.25,-5.57242990654206,-24.1471962616822,-6.12967289719626,-3.49205607476635,-1.48598130841122,-0.557242990654205,-5.83126485831157e-16,20.803738317757,7.95,-6.12967289719626,-1.63457943925234,-0.185747663551402,33.4345794392523,-8.59626168224299,-13.8154205607477,47.25,0,0,0,0,1,0,0,0,0,1,"January","Jan","14","14","Sat"
2023-01-15,"15",FALSE,7.1,6.1,2,4.1,46,38,5,19,0,1010.46,1,-1.1,99,0.2,-8.925,-38.675,-9.8175,-5.593,-2.38,-0.8925,-2.89694194558858e-15,33.32,12.733,-9.8175,-2.618,-0.2975,53.55,-4.97663551401869,-21.5654205607477,-5.47429906542056,-3.11869158878505,-1.32710280373832,-0.497663551401869,-4.02585545378094e-16,18.5794392523364,7.1,-5.47429906542056,-1.45981308411215,-0.16588785046729,29.8598130841121,-14.7405607476636,-23.6901869158878,53.55,0,0,0,0,0,-1,-1,-1,-1,-1,"January","Jan","15","15","Sun"
2023-01-17,"17",FALSE,6.4,1.9,0.4,1.5,19,17,3,8,2,533.25,1,1.36,83,0.3,-3.975,-17.225,-4.3725,-2.491,-1.06,-0.3975,5.14650050970684e-16,14.84,5.671,-4.3725,-1.166,-0.1325,23.85,-4.48598130841121,-19.4392523364486,-4.93457943925234,-2.81121495327103,-1.19626168224299,-0.448598130841121,-9.29682084172094e-16,16.7476635514019,6.4,-4.93457943925234,-1.31588785046729,-0.149532710280374,26.9158878504673,1.90766355140187,3.06588785046729,23.85,1,0,0,0,0,1,0,0,0,0,"January","Jan","17","17","Tue"
2023-01-18,"18",FALSE,8.55,1.2,0.55,0.65,14,12,2,11,0,453.59,1,0.95,83.3,0.7,-3.6,-15.6,-3.96,-2.256,-0.96,-0.36,1.81583143583137e-16,13.44,5.136,-3.96,-1.056,-0.12,21.6,-5.99299065420561,-25.9696261682243,-6.59228971962617,-3.75560747663551,-1.5981308411215,-0.599299065420561,1.39037275981094e-16,22.3738317757009,8.55,-6.59228971962617,-1.75794392523365,-0.199766355140187,35.9579439252336,8.93383177570094,14.3579439252336,21.6,0,1,0,0,0,0,1,0,0,0,"January","Jan","18","18","Wed"
2023-01-19,"19",FALSE,7.65,2.15,0.650000000000001,1.5,29,19,6,9,2,719.41,1,-4.1,90.9,1.5,-4.65,-20.15,-5.115,-2.914,-1.24,-0.465,1.38259773999986e-15,17.36,6.634,-5.115,-1.364,-0.155,27.9,-5.36214953271028,-23.2359813084112,-5.89836448598131,-3.36028037383178,-1.42990654205608,-0.536214953271028,-2.63548269397e-16,20.018691588785,7.65,-5.89836448598131,-1.57289719626168,-0.178738317757009,32.1728971962617,2.65869158878505,4.27289719626168,27.9,0,0,1,0,0,0,0,1,0,0,"January","Jan","19","19","Thu"
2023-01-20,"20",FALSE,9.1,2.35,0.95,1.4,32,24,6,14,1,770.57,1,-0.1,89.9,2.5,-6.15,-26.65,-6.765,-3.854,-1.64,-0.615,1.37272909089208e-15,22.96,8.774,-6.765,-1.804,-0.205,36.9,-6.3785046728972,-27.6401869158878,-7.01635514018692,-3.99719626168224,-1.70093457943925,-0.63785046728972,1.37377129402216e-15,23.8130841121495,9.1,-7.01635514018692,-1.87102803738318,-0.212616822429907,38.2710280373832,0.853084112149535,1.37102803738318,36.9,0,0,0,1,0,0,0,0,1,0,"January","Jan","20","20","Fri"
2023-01-21,"21",FALSE,8.5,2.8,0.7,2.1,35,23,10,14,2,815.68,1,-0.38,86.1,0.5,-6.3,-27.3,-6.93,-3.948,-1.68,-0.63,1.00660220899347e-16,23.52,8.988,-6.93,-1.848,-0.21,37.8,-5.95794392523364,-25.8177570093458,-6.55373831775701,-3.73364485981308,-1.58878504672897,-0.595794392523364,-4.44089209850063e-16,22.2429906542056,8.5,-6.55373831775701,-1.74766355140187,-0.198598130841122,35.7476635514019,-1.27700934579439,-2.05233644859813,37.8,0,0,0,0,1,0,0,0,0,1,"January","Jan","21","21","Sat"
2023-01-22,"22",FALSE,7.15,3.2,1.1,2.1,40,34,2,10,1,870.55,1,-5.1,82.6,0.2,-6.75,-29.25,-7.425,-4.23,-1.8,-0.675,-1.11022302462516e-15,25.2,9.63,-7.425,-1.98,-0.225,40.5,-5.01168224299065,-21.7172897196262,-5.51285046728972,-3.14065420560748,-1.33644859813084,-0.501168224299065,1.80540940453063e-16,18.7102803738318,7.15,-5.51285046728972,-1.47009345794393,-0.167056074766355,30.0700934579439,-6.48971962616822,-10.4299065420561,40.5,0,0,0,0,0,-1,-1,-1,-1,-1,"January","Jan","22","22","Sun"
2023-01-24,"24",FALSE,12.3,1.05,0.45,0.6,15,11,3,13,1,457.81,1,-1.07,92.2,2.5,-3.825,-16.575,-4.2075,-2.397,-1.02,-0.3825,-4.23858479179115e-16,14.28,5.457,-4.2075,-1.122,-0.1275,22.95,-8.6214953271028,-37.3598130841122,-9.48364485981308,-5.40280373831776,-2.29906542056075,-0.86214953271028,2.13743872030638e-15,32.1869158878505,12.3,-9.48364485981308,-2.52897196261682,-0.287383177570094,51.7289719626168,17.9069158878505,28.7789719626168,22.95,1,0,0,0,0,1,0,0,0,0,"January","Jan","24","24","Tue"
2023-01-25,"25",FALSE,8.15,1,0.3,0.7,14,9,4,15,0,467.89,1,2.02,91.9,0,-3.9,-16.9,-4.29,-2.444,-1.04,-0.39,7.16463925224768e-16,14.56,5.564,-4.29,-1.144,-0.13,23.4,-5.71261682242991,-24.7546728971963,-6.2838785046729,-3.57990654205607,-1.52336448598131,-0.571261682242991,-7.07637479247062e-16,21.3271028037383,8.15,-6.2838785046729,-1.67570093457944,-0.190420560747664,34.2757009345794,6.76710280373832,10.8757009345794,23.4,0,1,0,0,0,0,1,0,0,0,"January","Jan","25","25","Wed"
2023-01-26,"26",FALSE,6.85,1.8,0.4,1.4,11,11,0,16,0,438.62,1,3.51,84.2,0,-4.05,-17.55,-4.455,-2.538,-1.08,-0.405,3.128361767166e-16,15.12,5.778,-4.455,-1.188,-0.135,24.3,-4.80140186915888,-20.8060747663551,-5.28154205607477,-3.0088785046729,-1.2803738317757,-0.480140186915888,1.59581589894719e-15,17.9252336448598,6.85,-5.28154205607477,-1.40841121495327,-0.160046728971963,28.8084112149533,2.80523364485981,4.50841121495327,24.3,0,0,1,0,0,0,0,1,0,0,"January","Jan","26","26","Thu"
2023-01-27,"27",FALSE,7.85,3.05,0.8,2.25,20,13,7,19,0,650.31,1,0,78,0,-5.325,-23.075,-5.8575,-3.337,-1.42,-0.5325,-8.67947689029178e-16,19.88,7.597,-5.8575,-1.562,-0.1775,31.95,-5.50233644859813,-23.8434579439252,-6.05257009345794,-3.4481308411215,-1.46728971962617,-0.550233644859813,7.07637479247062e-16,20.5420560747664,7.85,-6.05257009345794,-1.61401869158878,-0.183411214953271,33.0140186915888,0.662056074766358,1.06401869158879,31.95,0,0,0,1,0,0,0,0,1,0,"January","Jan","27","27","Fri"
2023-01-28,"28",FALSE,6.2,2.4,0.6,1.8,30,17,13,16,1,740.25,1,-14.21,57.6,0,-5.925,-25.675,-6.5175,-3.713,-1.58,-0.5925,1.54395015291205e-15,22.12,8.453,-6.5175,-1.738,-0.1975,35.55,-4.34579439252336,-18.8317757009346,-4.7803738317757,-2.72336448598131,-1.1588785046729,-0.434579439252336,4.23337377614078e-16,16.2242990654206,6.2,-4.7803738317757,-1.27476635514019,-0.144859813084112,26.0747663551402,-5.89570093457944,-9.47523364485981,35.55,0,0,0,0,1,0,0,0,0,1,"January","Jan","28","28","Sat"
2023-01-29,"29",FALSE,7.45,2.9,0.65,2.25,43,34,5,16,0,991.93,1,-20.95,71.9,0.2,-7.875,-34.125,-8.6625,-4.935,-2.1,-0.7875,1.66533453693773e-15,29.4,11.235,-8.6625,-2.31,-0.2625,47.25,-5.22196261682243,-22.6285046728972,-5.74415887850467,-3.27242990654206,-1.39252336448598,-0.522196261682243,-1.39037275981094e-16,19.4953271028037,7.45,-5.74415887850467,-1.53177570093458,-0.174065420560748,31.3317757009346,-9.90467289719626,-15.9182242990654,47.25,0,0,0,0,0,-1,-1,-1,-1,-1,"January","Jan","29","29","Sun"
2023-01-31,"31",FALSE,7.3,0.55,0.05,0.5,6,3,2,14,2,364.09,1,-6.1,89.1,8.1,-2.7,-11.7,-2.97,-1.692,-0.72,-0.27,3.53297638058494e-16,10.08,3.852,-2.97,-0.792,-0.09,16.2,-5.11682242990654,-22.1728971962617,-5.6285046728972,-3.20654205607477,-1.36448598130841,-0.511682242990654,-5.27096538794e-16,19.1028037383178,7.3,-5.6285046728972,-1.50093457943925,-0.170560747663551,30.7009345794393,9.02280373831776,14.5009345794393,16.2,1,0,0,0,0,1,0,0,0,0,"January","Jan","31","31","Tue"
2023-02-01,"01",FALSE,6.25,0.25,0.2,0.05,12,7,2,6,1,326.19,1,-5.19,92.1,7.6,-2.1,-9.1,-2.31,-1.316,-0.56,-0.21,-4.53957858957842e-17,7.84,2.996,-2.31,-0.616,-0.07,12.6,-4.38084112149533,-18.9836448598131,-4.81892523364486,-2.74532710280374,-1.16822429906542,-0.438084112149533,-2.22044604925031e-16,16.3551401869159,6.25,-4.81892523364486,-1.28504672897196,-0.146028037383178,26.285046728972,8.51514018691589,13.685046728972,12.6,0,1,0,0,0,0,1,0,0,0,"February","Feb","01","01","Wed"
2023-02-02,"02",FALSE,6.8,1.9,0.6,1.3,23,16,5,8,0,663.97,1,0.42,81,2.8,-3.975,-17.225,-4.3725,-2.491,-1.06,-0.3975,5.14650050970684e-16,14.84,5.671,-4.3725,-1.166,-0.1325,23.85,-4.76635514018692,-20.6542056074766,-5.24299065420561,-2.98691588785047,-1.27102803738318,-0.476635514018692,-1.3115157973142e-15,17.7943925233645,6.8,-5.24299065420561,-1.3981308411215,-0.158878504672897,28.5981308411215,2.95439252336448,4.74813084112149,23.85,0,0,1,0,0,0,0,1,0,0,"February","Feb","02","02","Thu"
2023-02-03,"03",FALSE,6.55,3.9,1.1,2.8,23,15,7,16,0,649.09,1,1.45,80.4,0,-5.175,-22.425,-5.6925,-3.243,-1.38,-0.5175,-4.6431994052101e-16,19.32,7.383,-5.6925,-1.518,-0.1725,31.05,-4.5911214953271,-19.8948598130841,-5.05023364485981,-2.87710280373832,-1.22429906542056,-0.45911214953271,6.86885647011078e-16,17.1401869158879,6.55,-5.05023364485981,-1.34672897196262,-0.15303738317757,27.5467289719626,-2.17981308411215,-3.50327102803738,31.05,0,0,0,1,0,0,0,0,1,0,"February","Feb","03","03","Fri"
2023-02-04,"04",FALSE,9.15,1.5,0.7,0.8,27,23,1,20,4,853.65,1,2.95,75.9,0,-6.525,-28.275,-7.1775,-4.089,-1.74,-0.6525,-7.0560841120621e-17,24.36,9.309,-7.1775,-1.914,-0.2175,39.15,-6.41355140186916,-27.7920560747664,-7.05490654205608,-4.01915887850467,-1.71028037383178,-0.641355140186916,-1.59581589894719e-15,23.9439252336449,9.15,-7.05490654205608,-1.88130841121495,-0.213785046728972,38.481308411215,-0.416074766355138,-0.668691588785043,39.15,0,0,0,0,1,0,0,0,0,1,"February","Feb","04","04","Sat"
2023-02-05,"05",FALSE,7.65,4.7,1.4,3.3,41,30,11,7,4,858.98,1,3.02,63.5,0,-6.375,-27.625,-7.0125,-3.995,-1.7,-0.6375,3.33066907387547e-16,23.8,9.095,-7.0125,-1.87,-0.2125,38.25,-5.36214953271028,-23.2359813084112,-5.89836448598131,-3.36028037383178,-1.42990654205608,-0.536214953271028,-2.63548269397e-16,20.018691588785,7.65,-5.89836448598131,-1.57289719626168,-0.178738317757009,32.1728971962617,-3.78130841121495,-6.07710280373831,38.25,0,0,0,0,0,-1,-1,-1,-1,-1,"February","Feb","05","05","Sun"
2023-02-07,"07",FALSE,7.5,1.6,0.5,1.1,20,16,0,9,0,506.32,1,-0.52,93.2,6,-3.75,-16.25,-4.125,-2.35,-1,-0.375,-2.22044604925031e-16,14,5.35,-4.125,-1.1,-0.125,22.5,-5.25700934579439,-22.7803738317757,-5.78271028037383,-3.29439252336449,-1.4018691588785,-0.525700934579439,4.44089209850063e-16,19.6261682242991,7.5,-5.78271028037383,-1.54205607476636,-0.175233644859813,31.5420560747664,5.62616822429907,9.04205607476636,22.5,1,0,0,0,0,1,0,0,0,0,"February","Feb","07","07","Tue"
2023-02-08,"08",FALSE,6.35,0.6,0.15,0.45,18,11,5,17,0,618.86,1,-1.45,77.6,0.8,-4.575,-19.825,-5.0325,-2.867,-1.22,-0.4575,-1.53408150380427e-15,17.08,6.527,-5.0325,-1.342,-0.1525,27.45,-4.45093457943925,-19.2873831775701,-4.89602803738318,-2.7892523364486,-1.18691588785047,-0.445093457943925,-1.51280857000325e-15,16.6168224299065,6.35,-4.89602803738318,-1.30560747663551,-0.148364485981308,26.7056074766355,-0.463177570093457,-0.744392523364484,27.45,0,1,0,0,0,0,1,0,0,0,"February","Feb","08","08","Wed"
2023-02-09,"09",FALSE,7.65,1.55,0.35,1.2,26,20,6,10,1,614.73,1,2.6,68.2,0.2,-4.95,-21.45,-5.445,-3.102,-1.32,-0.495,5.75342242983526e-16,18.48,7.062,-5.445,-1.452,-0.165,29.7,-5.36214953271028,-23.2359813084112,-5.89836448598131,-3.36028037383178,-1.42990654205608,-0.536214953271028,-2.63548269397e-16,20.018691588785,7.65,-5.89836448598131,-1.57289719626168,-0.178738317757009,32.1728971962617,1.53869158878505,2.47289719626169,29.7,0,0,1,0,0,0,0,1,0,0,"February","Feb","09","09","Thu"
2023-02-10,"10",FALSE,6.6,2.6,1.05,1.55,28,20,5,11,1,649.6,1,2.6,72.6,0,-5.025,-21.775,-5.5275,-3.149,-1.34,-0.5025,-6.06921920128419e-17,18.76,7.169,-5.5275,-1.474,-0.1675,30.15,-4.62616822429907,-20.0467289719626,-5.08878504672897,-2.89906542056075,-1.23364485981308,-0.462616822429906,4.15036644719686e-17,17.2710280373832,6.6,-5.08878504672897,-1.35700934579439,-0.154205607476636,27.7570093457944,-1.48897196261682,-2.39299065420561,30.15,0,0,0,1,0,0,0,0,1,0,"February","Feb","10","10","Fri"
2023-02-11,"11",FALSE,7.7,3.3,1.05,2.25,38,36,1,13,4,1020.22,1,0.62,85.2,1.3,-7.425,-32.175,-8.1675,-4.653,-1.98,-0.7425,-6.76495896338262e-16,27.72,10.593,-8.1675,-2.178,-0.2475,44.55,-5.39719626168224,-23.3878504672897,-5.93691588785047,-3.3822429906542,-1.4392523364486,-0.539719626168224,1.41527495849412e-15,20.1495327102804,7.7,-5.93691588785047,-1.58317757009346,-0.179906542056075,32.3831775700935,-7.57046728971963,-12.1668224299065,44.55,0,0,0,0,1,0,0,0,0,1,"February","Feb","11","11","Sat"
2023-02-12,"12",FALSE,5.5,3.45,0.45,3,33,27,5,11,1,755.08,1,1.67,87.6,4,-6.075,-26.325,-6.6825,-3.807,-1.62,-0.6075,1.14032240440388e-15,22.68,8.667,-6.6825,-1.782,-0.2025,36.45,-3.85514018691589,-16.7056074766355,-4.24065420560748,-2.41588785046729,-1.02803738317757,-0.385514018691589,4.44089209850063e-16,14.392523364486,5.5,-4.24065420560748,-1.13084112149533,-0.128504672897196,23.1308411214953,-8.28747663551402,-13.3191588785047,36.45,0,0,0,0,0,-1,-1,-1,-1,-1,"February","Feb","12","12","Sun"
2023-02-14,"14",FALSE,6.6,2.95,0.9,2.05,30,19,8,16,2,788.97,1,-5.14,68.7,0,-5.85,-25.35,-6.435,-3.666,-1.56,-0.585,-1.37272909089208e-15,21.84,8.346,-6.435,-1.716,-0.195,35.1,-4.62616822429907,-20.0467289719626,-5.08878504672897,-2.89906542056075,-1.23364485981308,-0.462616822429906,4.15036644719686e-17,17.2710280373832,6.6,-5.08878504672897,-1.35700934579439,-0.154205607476636,27.7570093457944,-4.56897196261682,-7.3429906542056,35.1,1,0,0,0,0,1,0,0,0,0,"February","Feb","14","14","Tue"
2023-02-15,"15",FALSE,10.2,2.85,1.05,1.8,18,14,3,7,1,415.5,1,-3.7,83.4,3.1,-3.375,-14.625,-3.7125,-2.115,-0.9,-0.3375,-5.55111512312578e-16,12.6,4.815,-3.7125,-0.99,-0.1125,20.25,-7.14953271028037,-30.981308411215,-7.86448598130841,-4.4803738317757,-1.90654205607477,-0.714953271028037,-8.05171090756188e-16,26.6915887850467,10.2,-7.86448598130841,-2.09719626168224,-0.238317757009346,42.8971962616822,14.0915887850467,22.6471962616822,20.25,0,1,0,0,0,0,1,0,0,0,"February","Feb","15","15","Wed"
2023-02-16,"16",FALSE,6.65,0.8,0.25,0.55,12,8,4,14,0,521.43,1,-1.87,80.6,0,-3.6,-15.6,-3.96,-2.256,-0.96,-0.36,1.81583143583137e-16,13.44,5.136,-3.96,-1.056,-0.12,21.6,-4.66121495327103,-20.1985981308411,-5.12733644859813,-2.92102803738318,-1.24299065420561,-0.466121495327103,6.24630150303125e-16,17.4018691588785,6.65,-5.12733644859813,-1.36728971962617,-0.155373831775701,27.9672897196262,3.96186915887851,6.36728971962617,21.6,0,0,1,0,0,0,0,1,0,0,"February","Feb","16","16","Thu"
2023-02-17,"17",FALSE,7.05,1.2,0.1,1.1,21,14,5,18,1,589.03,1,-4.86,88.6,1.5,-5.175,-22.425,-5.6925,-3.243,-1.38,-0.5175,-4.6431994052101e-16,19.32,7.383,-5.6925,-1.518,-0.1725,31.05,-4.94158878504673,-21.4135514018692,-5.4357476635514,-3.09672897196262,-1.31775700934579,-0.494158878504673,1.47130490553128e-15,18.4485981308411,7.05,-5.4357476635514,-1.44953271028037,-0.164719626168224,29.6495327102804,-0.871401869158873,-1.40046728971962,31.05,0,0,0,1,0,0,0,0,1,0,"February","Feb","17","17","Fri"
2023-02-18,"18",FALSE,7,3.2,0.7,2.5,24,17,6,11,2,628.86,1,-0.25,90.2,2.1,-4.65,-20.15,-5.115,-2.914,-1.24,-0.465,1.38259773999986e-15,17.36,6.634,-5.115,-1.364,-0.155,27.9,-4.90654205607477,-21.2616822429907,-5.39719626168224,-3.07476635514019,-1.30841121495327,-0.490654205607477,8.88178419700125e-16,18.3177570093458,7,-5.39719626168224,-1.4392523364486,-0.163551401869159,29.4392523364486,0.957757009345794,1.5392523364486,27.9,0,0,0,0,1,0,0,0,0,1,"February","Feb","18","18","Sat"
2023-02-19,"19",FALSE,7,3.75,1.05,2.7,32,24,6,15,1,748.48,1,0.68,85.4,2.4,-6.3,-27.3,-6.93,-3.948,-1.68,-0.63,1.00660220899347e-16,23.52,8.988,-6.93,-1.848,-0.21,37.8,-4.90654205607477,-21.2616822429907,-5.39719626168224,-3.07476635514019,-1.30841121495327,-0.490654205607477,8.88178419700125e-16,18.3177570093458,7,-5.39719626168224,-1.4392523364486,-0.163551401869159,29.4392523364486,-5.20224299065421,-8.3607476635514,37.8,0,0,0,0,0,-1,-1,-1,-1,-1,"February","Feb","19","19","Sun"
2023-02-21,"21",FALSE,7.45,0,0,0,9,7,2,7,0,249.71,1,-14.41,60.6,0.4,-2.25,-9.75,-2.475,-1.41,-0.6,-0.225,2.22044604925031e-16,8.4,3.21,-2.475,-0.66,-0.075,13.5,-5.22196261682243,-22.6285046728972,-5.74415887850467,-3.27242990654206,-1.39252336448598,-0.522196261682243,-1.39037275981094e-16,19.4953271028037,7.45,-5.74415887850467,-1.53177570093458,-0.174065420560748,31.3317757009346,11.0953271028037,17.8317757009346,13.5,1,0,0,0,0,1,0,0,0,0,"February","Feb","21","21","Tue"
2023-02-22,"22",FALSE,6.85,0,0,0,9,9,0,12,0,465.32,1,-20.43,57.1,0.2,-3.15,-13.65,-3.465,-1.974,-0.84,-0.315,5.03301104496737e-17,11.76,4.494,-3.465,-0.924,-0.105,18.9,-4.80140186915888,-20.8060747663551,-5.28154205607477,-3.0088785046729,-1.2803738317757,-0.480140186915888,1.59581589894719e-15,17.9252336448598,6.85,-5.28154205607477,-1.40841121495327,-0.160046728971963,28.8084112149533,6.16523364485981,9.90841121495327,18.9,0,1,0,0,0,0,1,0,0,0,"February","Feb","22","22","Wed"
2023-02-23,"23",FALSE,1.3,2.9,1.15,1.75,22,15,4,19,0,796.9,1,-20.85,58.1,0,-5.4,-23.4,-5.94,-3.384,-1.44,-0.54,7.06595276116989e-16,20.16,7.704,-5.94,-1.584,-0.18,32.4,-0.911214953271028,-3.94859813084112,-1.00233644859813,-0.571028037383178,-0.242990654205607,-0.0911214953271028,2.07518322359843e-17,3.4018691588785,1.3,-1.00233644859813,-0.267289719626168,-0.0303738317757009,5.46728971962617,-16.7581308411215,-26.9327102803738,32.4,0,0,1,0,0,0,0,1,0,0,"February","Feb","23","23","Thu"
2023-02-24,"24",FALSE,7.25,2.2,0.5,1.7,14,10,4,11,1,466.35,1,-24.9,75.2,0.6,-3.45,-14.95,-3.795,-2.162,-0.92,-0.345,-7.56925386566662e-16,12.88,4.922,-3.795,-1.012,-0.115,20.7,-5.08177570093458,-22.0210280373832,-5.58995327102804,-3.18457943925234,-1.35514018691589,-0.508177570093458,-1.11022302462516e-15,18.9719626168224,7.25,-5.58995327102804,-1.49065420560748,-0.169392523364486,30.4906542056075,6.09196261682243,9.79065420560748,20.7,0,0,0,1,0,0,0,0,1,0,"February","Feb","24","24","Fri"
2023-02-25,"25",FALSE,6.9,0,0,0,15,13,1,19,0,632.28,1,-10.95,87.2,11.5,-4.875,-21.125,-5.3625,-3.055,-1.3,-0.4875,-9.99200722162641e-16,18.2,6.955,-5.3625,-1.43,-0.1625,29.25,-4.83644859813084,-20.9579439252336,-5.32009345794393,-3.03084112149533,-1.28971962616822,-0.483644859813084,-1.37377129402216e-15,18.0560747663551,6.9,-5.32009345794393,-1.41869158878505,-0.161214953271028,29.018691588785,-0.143925233644858,-0.23130841121495,29.25,0,0,0,0,1,0,0,0,0,1,"February","Feb","25","25","Sat"
2023-02-26,"26",FALSE,7.25,4.3,1,3.3,45,29,10,18,0,1066.86,1,-9.83,83.5,1.8,-7.8,-33.8,-8.58,-4.888,-2.08,-0.78,1.43292785044954e-15,29.12,11.128,-8.58,-2.288,-0.26,46.8,-5.08177570093458,-22.0210280373832,-5.58995327102804,-3.18457943925234,-1.35514018691589,-0.508177570093458,-1.11022302462516e-15,18.9719626168224,7.25,-5.58995327102804,-1.49065420560748,-0.169392523364486,30.4906542056075,-10.1480373831776,-16.3093457943925,46.8,0,0,0,0,0,-1,-1,-1,-1,-1,"February","Feb","26","26","Sun"
2023-02-28,"28",FALSE,7.75,0.35,0.15,0.2,7,5,2,11,0,288.64,1,-8.58,78.7,0,-2.55,-11.05,-2.805,-1.598,-0.68,-0.255,7.56925386566662e-16,9.52,3.638,-2.805,-0.748,-0.085,15.3,-5.43224299065421,-23.5397196261682,-5.97546728971963,-3.40420560747664,-1.44859813084112,-0.54322429906542,-1.55431223447522e-15,20.2803738317757,7.75,-5.97546728971963,-1.59345794392523,-0.18107476635514,32.5934579439252,10.7603738317757,17.2934579439252,15.3,1,0,0,0,0,1,0,0,0,0,"February","Feb","28","28","Tue"
2023-03-01,"01",FALSE,7.25,2.45,0.55,1.9,27,19,8,9,0,655.2,1,-5.69,84.5,0.7,-4.8,-20.8,-5.28,-3.008,-1.28,-0.48,9.78969991491694e-16,17.92,6.848,-5.28,-1.408,-0.16,28.8,-5.08177570093458,-22.0210280373832,-5.58995327102804,-3.18457943925234,-1.35514018691589,-0.508177570093458,-1.11022302462516e-15,18.9719626168224,7.25,-5.58995327102804,-1.49065420560748,-0.169392523364486,30.4906542056075,1.05196261682243,1.69065420560748,28.8,0,1,0,0,0,0,1,0,0,0,"March","Mar","01","01","Wed"
2023-03-02,"02",FALSE,6.7,2.65,0.550000000000001,2.1,28,17,7,12,6,727.55,1,-1.66,64.2,0,-4.875,-21.125,-5.3625,-3.055,-1.3,-0.4875,-9.99200722162641e-16,18.2,6.955,-5.3625,-1.43,-0.1625,29.25,-4.69626168224299,-20.3504672897196,-5.16588785046729,-2.94299065420561,-1.25233644859813,-0.469626168224299,-2.07518322359843e-17,17.5327102803738,6.7,-5.16588785046729,-1.37757009345794,-0.156542056074766,28.1775700934579,-0.667289719626165,-1.07242990654205,29.25,0,0,1,0,0,0,0,1,0,0,"March","Mar","02","02","Thu"
2023-03-03,"03",FALSE,8.55,2.65,0.6,2.05,27,21,5,15,0,711.57,1,-5.35,72.1,0.2,-5.775,-25.025,-6.3525,-3.619,-1.54,-0.5775,-7.36694655895715e-16,21.56,8.239,-6.3525,-1.694,-0.1925,34.65,-5.99299065420561,-25.9696261682243,-6.59228971962617,-3.75560747663551,-1.5981308411215,-0.599299065420561,1.39037275981094e-16,22.3738317757009,8.55,-6.59228971962617,-1.75794392523365,-0.199766355140187,35.9579439252336,0.81383177570094,1.30794392523365,34.65,0,0,0,1,0,0,0,0,1,0,"March","Mar","03","03","Fri"
2023-03-04,"04",FALSE,7.1,3.8,1.3,2.5,45,36,7,7,3,974.66,1,-8.77,71.8,0.2,-6.975,-30.225,-7.6725,-4.371,-1.86,-0.6975,1.40282847067081e-15,26.04,9.951,-7.6725,-2.046,-0.2325,41.85,-4.97663551401869,-21.5654205607477,-5.47429906542056,-3.11869158878505,-1.32710280373832,-0.497663551401869,-4.02585545378094e-16,18.5794392523364,7.1,-5.47429906542056,-1.45981308411215,-0.16588785046729,29.8598130841121,-7.46056074766355,-11.9901869158879,41.85,0,0,0,0,1,0,0,0,0,1,"March","Mar","04","04","Sat"
2023-03-05,"05",FALSE,6.7,1.85,0.9,0.95,32,24,8,25,3,780.75,1,-12.75,56.1,0,-7.95,-34.45,-8.745,-4.982,-2.12,-0.795,1.02930010194137e-15,29.68,11.342,-8.745,-2.332,-0.265,47.7,-4.69626168224299,-20.3504672897196,-5.16588785046729,-2.94299065420561,-1.25233644859813,-0.469626168224299,-2.07518322359843e-17,17.5327102803738,6.7,-5.16588785046729,-1.37757009345794,-0.156542056074766,28.1775700934579,-12.1472897196262,-19.5224299065421,47.7,0,0,0,0,0,-1,-1,-1,-1,-1,"March","Mar","05","05","Sun"
2023-03-07,"07",FALSE,8.4,1.2,0.3,0.9,14,12,1,13,0,470.85,1,-9.52,77.5,0.2,-3.825,-16.575,-4.2075,-2.397,-1.02,-0.3825,-4.23858479179115e-16,14.28,5.457,-4.2075,-1.122,-0.1275,22.95,-5.88785046728972,-25.5140186915888,-6.47663551401869,-3.68971962616822,-1.57009345794393,-0.588785046728972,8.46674755228157e-16,21.981308411215,8.4,-6.47663551401869,-1.72710280373832,-0.196261682242991,35.3271028037383,7.70130841121496,12.3771028037383,22.95,1,0,0,0,0,1,0,0,0,0,"March","Mar","07","07","Tue"
2023-03-08,"08",FALSE,8.7,1.7,0.8,0.9,11,8,3,5,3,266.12,1,-6.03,60.5,0,-2.175,-9.425,-2.3925,-1.363,-0.58,-0.2175,4.23858479179115e-16,8.12,3.103,-2.3925,-0.638,-0.0725,13.05,-6.0981308411215,-26.4252336448598,-6.70794392523364,-3.8214953271028,-1.62616822429907,-0.609813084112149,5.27096538794e-16,22.7663551401869,8.7,-6.70794392523364,-1.78878504672897,-0.203271028037383,36.588785046729,14.6463551401869,23.538785046729,13.05,0,1,0,0,0,0,1,0,0,0,"March","Mar","08","08","Wed"
2023-03-09,"09",FALSE,6.6,1.6,0.5,1.1,16,10,5,9,1,454.98,1,-13.03,63.1,0.4,-3.225,-13.975,-3.5475,-2.021,-0.86,-0.3225,-1.5148376380441e-16,12.04,4.601,-3.5475,-0.946,-0.1075,19.35,-4.62616822429907,-20.0467289719626,-5.08878504672897,-2.89906542056075,-1.23364485981308,-0.462616822429906,4.15036644719686e-17,17.2710280373832,6.6,-5.08878504672897,-1.35700934579439,-0.154205607476636,27.7570093457944,5.23102803738318,8.40700934579439,19.35,0,0,1,0,0,0,0,1,0,0,"March","Mar","09","09","Thu"
2023-03-10,"10",FALSE,7,0.9,0.3,0.6,21,15,3,28,2,805.38,1,-7.38,59.5,0,-6.675,-28.925,-7.3425,-4.183,-1.78,-0.6675,-1.34262971111336e-15,24.92,9.523,-7.3425,-1.958,-0.2225,40.05,-4.90654205607477,-21.2616822429907,-5.39719626168224,-3.07476635514019,-1.30841121495327,-0.490654205607477,8.88178419700125e-16,18.3177570093458,7,-5.39719626168224,-1.4392523364486,-0.163551401869159,29.4392523364486,-6.6022429906542,-10.6107476635514,40.05,0,0,0,1,0,0,0,0,1,0,"March","Mar","10","10","Fri"
2023-03-11,"11",FALSE,8.65,3.25,0.95,2.3,25,20,5,21,3,707.87,1,-8.31,65,0,-6.525,-28.275,-7.1775,-4.089,-1.74,-0.6525,-7.0560841120621e-17,24.36,9.309,-7.1775,-1.914,-0.2175,39.15,-6.06308411214953,-26.2733644859813,-6.66939252336449,-3.79953271028037,-1.61682242990654,-0.606308411214953,-1.15172668909713e-15,22.6355140186916,8.65,-6.66939252336449,-1.7785046728972,-0.202102803738318,36.3785046728972,-1.72448598130841,-2.7714953271028,39.15,0,0,0,0,1,0,0,0,0,1,"March","Mar","11","11","Sat"
2023-03-12,"12",FALSE,7.5,2.7,0.9,1.8,20,18,2,10,0,506.31,1,-5.42,65.9,0,-4.35,-18.85,-4.785,-2.726,-1.16,-0.435,8.4771695835823e-16,16.24,6.206,-4.785,-1.276,-0.145,26.1,-5.25700934579439,-22.7803738317757,-5.78271028037383,-3.29439252336449,-1.4018691588785,-0.525700934579439,4.44089209850063e-16,19.6261682242991,7.5,-5.78271028037383,-1.54205607476636,-0.175233644859813,31.5420560747664,3.38616822429907,5.44205607476636,26.1,0,0,0,0,0,-1,-1,-1,-1,-1,"March","Mar","12","12","Sun"
2023-03-14,"14",FALSE,0.65,1.3,0.5,0.8,14,12,1,7,0,394.22,1,-4.63,78.6,0.2,-2.925,-12.675,-3.2175,-1.833,-0.78,-0.2925,-6.86364545446041e-16,10.92,4.173,-3.2175,-0.858,-0.0975,17.55,-0.455607476635514,-1.97429906542056,-0.501168224299065,-0.285514018691589,-0.121495327102804,-0.0455607476635514,1.03759161179921e-17,1.70093457943925,0.65,-0.501168224299065,-0.133644859813084,-0.0151869158878505,2.73364485981308,-9.21906542056075,-14.8163551401869,17.55,1,0,0,0,0,1,0,0,0,0,"March","Mar","14","14","Tue"
2023-03-15,"15",FALSE,7.65,0.7,0.25,0.45,27,12,10,15,0,734.98,1,-2.81,64.1,0,-4.8,-20.8,-5.28,-3.008,-1.28,-0.48,9.78969991491694e-16,17.92,6.848,-5.28,-1.408,-0.16,28.8,-5.36214953271028,-23.2359813084112,-5.89836448598131,-3.36028037383178,-1.42990654205608,-0.536214953271028,-2.63548269397e-16,20.018691588785,7.65,-5.89836448598131,-1.57289719626168,-0.178738317757009,32.1728971962617,2.09869158878505,3.37289719626168,28.8,0,1,0,0,0,0,1,0,0,0,"March","Mar","15","15","Wed"
2023-03-16,"16",FALSE,6.6,1.8,0.3,1.5,28,20,8,10,0,721.87,1,-3.6,63.2,0,-5.1,-22.1,-5.61,-3.196,-1.36,-0.51,1.51385077313332e-15,19.04,7.276,-5.61,-1.496,-0.17,30.6,-4.62616822429907,-20.0467289719626,-5.08878504672897,-2.89906542056075,-1.23364485981308,-0.462616822429906,4.15036644719686e-17,17.2710280373832,6.6,-5.08878504672897,-1.35700934579439,-0.154205607476636,27.7570093457944,-1.76897196261682,-2.84299065420561,30.6,0,0,1,0,0,0,0,1,0,0,"March","Mar","16","16","Thu"
2023-03-17,"17",FALSE,7.5,5.9,2,3.9,42,39,7,23,2,1058.91,1,-4.59,68.5,0,-9.825,-42.575,-10.8075,-6.157,-2.62,-0.9825,-2.63443587932165e-15,36.68,14.017,-10.8075,-2.882,-0.3275,58.95,-5.25700934579439,-22.7803738317757,-5.78271028037383,-3.29439252336449,-1.4018691588785,-0.525700934579439,4.44089209850063e-16,19.6261682242991,7.5,-5.78271028037383,-1.54205607476636,-0.175233644859813,31.5420560747664,-17.0538317757009,-27.4079439252336,58.95,0,0,0,1,0,0,0,0,1,0,"March","Mar","17","17","Fri"
2023-03-18,"18",FALSE,7.4,1.65,0.5,1.15,29,20,5,16,6,791.91,1,-2.31,65.5,0,-5.775,-25.025,-6.3525,-3.619,-1.54,-0.5775,-7.36694655895715e-16,21.56,8.239,-6.3525,-1.694,-0.1925,34.65,-5.18691588785047,-22.4766355140187,-5.70560747663551,-3.25046728971963,-1.38317757009346,-0.518691588785047,1.73485317492828e-15,19.3644859813084,7.4,-5.70560747663551,-1.5214953271028,-0.172897196261682,31.1214953271028,-2.19551401869158,-3.52850467289719,34.65,0,0,0,0,1,0,0,0,0,1,"March","Mar","18","18","Sat"
2023-03-19,"19",TRUE,0,0,0,0,0,0,0,0,0,0,1,-0.5,62.7,0,0,0,0,0,0,0,0,0,0,0,0,0,0,0,0,0,0,0,0,0,0,0,0,0,0,0,0,0,0,0,0,0,0,0,-1,-1,-1,-1,-1,"March","Mar","19","19","Sun"
2023-03-21,"21",FALSE,7.4,1.5,0.4,1.1,36,27,8,7,5,658.12,1,-1.01,56,0,-5.7,-24.7,-6.27,-3.572,-1.52,-0.57,-9.69101342383914e-16,21.28,8.132,-6.27,-1.672,-0.19,34.2,-5.18691588785047,-22.4766355140187,-5.70560747663551,-3.25046728971963,-1.38317757009346,-0.518691588785047,1.73485317492828e-15,19.3644859813084,7.4,-5.70560747663551,-1.5214953271028,-0.172897196261682,31.1214953271028,-1.91551401869159,-3.07850467289719,34.2,1,0,0,0,0,1,0,0,0,0,"March","Mar","21","21","Tue"
2023-03-22,"22",FALSE,6.25,4.1,0.7,3.4,34,27,6,10,4,1003.17,1,1.26,58.9,0,-6,-26,-6.6,-3.76,-1.6,-0.6,-1.77635683940025e-15,22.4,8.56,-6.6,-1.76,-0.2,36,-4.38084112149533,-18.9836448598131,-4.81892523364486,-2.74532710280374,-1.16822429906542,-0.438084112149533,-2.22044604925031e-16,16.3551401869159,6.25,-4.81892523364486,-1.28504672897196,-0.146028037383178,26.285046728972,-6.04485981308411,-9.71495327102803,36,0,1,0,0,0,0,1,0,0,0,"March","Mar","22","22","Wed"
2023-03-23,"23",FALSE,8.95,1.75,0.5,1.25,19,18,1,18,0,604.07,1,1.15,64.5,0,-5.475,-23.725,-6.0225,-3.431,-1.46,-0.5475,7.0560841120621e-17,20.44,7.811,-6.0225,-1.606,-0.1825,32.85,-6.27336448598131,-27.1845794392523,-6.90070093457944,-3.93130841121495,-1.67289719626168,-0.627336448598131,-1.47130490553128e-15,23.4205607476636,8.95,-6.90070093457944,-1.84018691588785,-0.20911214953271,37.6401869158878,2.98056074766355,4.79018691588785,32.85,0,0,1,0,0,0,0,1,0,0,"March","Mar","23","23","Thu"
2023-03-24,"24",FALSE,6.15,1.6,0.5,1.1,21,18,8,9,0,534.6,1,1.94,69.5,0,-4.65,-20.15,-5.115,-2.914,-1.24,-0.465,1.38259773999986e-15,17.36,6.634,-5.115,-1.364,-0.155,27.9,-4.3107476635514,-18.6799065420561,-4.74182242990654,-2.70140186915888,-1.14953271028037,-0.43107476635514,1.06871936015319e-15,16.0934579439252,6.15,-4.74182242990654,-1.26448598130841,-0.143691588785047,25.8644859813084,-1.26654205607477,-2.03551401869159,27.9,0,0,0,1,0,0,0,0,1,0,"March","Mar","24","24","Fri"
2023-03-25,"25",FALSE,6.95,1.4,0.65,0.75,33,23,6,14,7,901.87,1,1.48,71,0,-6,-26,-6.6,-3.76,-1.6,-0.6,-1.77635683940025e-15,22.4,8.56,-6.6,-1.76,-0.2,36,-4.8714953271028,-21.1098130841122,-5.35864485981308,-3.05280373831776,-1.29906542056075,-0.48714953271028,1.53356040223923e-15,18.1869158878505,6.95,-5.35864485981308,-1.42897196261682,-0.162383177570093,29.2289719626168,-4.21308411214953,-6.77102803738317,36,0,0,0,0,1,0,0,0,0,1,"March","Mar","25","25","Sat"
2023-03-26,"26",FALSE,6.25,2.05,0.55,1.5,26,21,5,21,2,842.09,1,0.55,70.2,0.2,-6.675,-28.925,-7.3425,-4.183,-1.78,-0.6675,-1.34262971111336e-15,24.92,9.523,-7.3425,-1.958,-0.2225,40.05,-4.38084112149533,-18.9836448598131,-4.81892523364486,-2.74532710280374,-1.16822429906542,-0.438084112149533,-2.22044604925031e-16,16.3551401869159,6.25,-4.81892523364486,-1.28504672897196,-0.146028037383178,26.285046728972,-8.56485981308411,-13.764953271028,40.05,0,0,0,0,0,-1,-1,-1,-1,-1,"March","Mar","26","26","Sun"
2023-03-28,"28",FALSE,7.9,2.35,0.7,1.65,23,18,4,8,3,539.09,1,-4.17,58.4,0,-4.2,-18.2,-4.62,-2.632,-1.12,-0.42,-9.07915717915684e-17,15.68,5.992,-4.62,-1.232,-0.14,25.2,-5.53738317757009,-23.9953271028037,-6.0911214953271,-3.47009345794393,-1.47663551401869,-0.553738317757009,1.29076396507822e-15,20.6728971962617,7.9,-6.0911214953271,-1.62429906542056,-0.184579439252336,33.2242990654206,4.99289719626169,8.02429906542057,25.2,1,0,0,0,0,1,0,0,0,0,"March","Mar","28","28","Tue"
2023-03-29,"29",FALSE,7.3,3.05,1.05,2,28,23,2,12,0,691.29,1,-1.69,57.2,0,-5.4,-23.4,-5.94,-3.384,-1.44,-0.54,7.06595276116989e-16,20.16,7.704,-5.94,-1.584,-0.18,32.4,-5.11682242990654,-22.1728971962617,-5.6285046728972,-3.20654205607477,-1.36448598130841,-0.511682242990654,-5.27096538794e-16,19.1028037383178,7.3,-5.6285046728972,-1.50093457943925,-0.170560747663551,30.7009345794393,-1.05719626168224,-1.69906542056074,32.4,0,1,0,0,0,0,1,0,0,0,"March","Mar","29","29","Wed"
2023-03-30,"30",FALSE,7,2.9,0.800000000000001,2.1,28,17,6,19,1,809.67,1,0.12,60.6,0,-5.85,-25.35,-6.435,-3.666,-1.56,-0.585,-1.37272909089208e-15,21.84,8.346,-6.435,-1.716,-0.195,35.1,-4.90654205607477,-21.2616822429907,-5.39719626168224,-3.07476635514019,-1.30841121495327,-0.490654205607477,8.88178419700125e-16,18.3177570093458,7,-5.39719626168224,-1.4392523364486,-0.163551401869159,29.4392523364486,-3.5222429906542,-5.6607476635514,35.1,0,0,1,0,0,0,0,1,0,0,"March","Mar","30","30","Thu"
2023-03-31,"31",FALSE,6.5,1.9,0.35,1.55,28,17,9,28,4,946.69,1,1.15,64.6,0,-7.425,-32.175,-8.1675,-4.653,-1.98,-0.7425,-6.76495896338262e-16,27.72,10.593,-8.1675,-2.178,-0.2475,44.55,-4.55607476635514,-19.7429906542056,-5.01168224299065,-2.85514018691589,-1.21495327102804,-0.455607476635514,1.33226762955019e-15,17.0093457943925,6.5,-5.01168224299065,-1.33644859813084,-0.151869158878505,27.3364485981308,-10.7106542056075,-17.2135514018692,44.55,0,0,0,1,0,0,0,0,1,0,"March","Mar","31","31","Fri"
